ref,Partname,X,Y,R,size_x,size_y,top,bot,left,right
BS4210,AT07-102436,222.4812,25.1983,0,2.760,2.760,0,1,0,1
BS4212,AT07-102436,66.0789,18.4108,90,2.760,2.760,0,1,0,1
BS4213,AT07-102436,108.0498,23.3309,180,0.6,0.3,0,0,0,1
BS4214,AT07-102436,129.142,23.253,270,0.6,0.3,0,0,0,1
BS4215,AT07-102436,147.9836,26.2706,180,0.6,0.3,0,0,0,1
BS4216,AT07-102436,162.8393,23.4914,180,0.6,0.3,0,0,0,1
BS4219,AT07-102436,236.5385,15.0573,0,0.6,0.3,0,0,0,1
BS4220,AT07-102436,57.336,28.0879,180,0.6,0.3,1,0,1,0
BS4221,AT07-102436,50.9236,17.9475,180,0.6,0.3,1,0,1,0
C04A0,2203-010573,223.5964,20.5949,180,0.6,0.3,1,0,1,0
C04A1,AT07-102318,231.3334,14.1909,270,0.6,0.3,1,0,1,0
C04A2,AT07-102318,231.4974,23.1609,90,0.6,0.3,1,0,1,0
C04A3,AT07-102318,222.3564,19.4329,180,0.6,0.3,1,0,1,0
C04A4,2203-010573,229.5234,15.5279,270,0.6,0.3,1,0,1,0
C04A5,2203-010573,230.8574,22.9309,90,0.6,0.3,1,0,1,0
C04A6,AT07-102318,222.3564,21.0829,180,0.6,0.3,1,0,1,0
C04A7,AT07-102318,233.2334,14.1909,270,0.6,0.3,1,0,1,0
C04A8,2203-010550,223.5964,20.0649,180,0.6,0.3,1,0,1,0
C04A9,2203-010550,230.4334,15.5279,270,0.6,0.3,1,0,1,0
C07A0,2203-010555,160.5289,29.4677,90,0.6,0.3,1,0,1,0
C07A1,2203-010555,152.8859,30.3327,90,0.6,0.3,1,0,1,0
C07A2,2203-010555,160.5289,26.6977,270,0.6,0.3,1,0,1,0
C07A3,2203-010555,159.7039,29.4677,90,0.6,0.3,1,0,1,0
C07A4,2203-010555,152.8859,27.5627,270,0.6,0.3,1,0,1,0
C07A5,2203-010555,152.0609,27.5627,270,0.6,0.3,1,0,1,0
C07A6,2203-010555,152.0609,26.1777,270,0.6,0.3,1,0,1,0
C07A7,2203-010555,152.8859,26.1777,270,0.6,0.3,1,0,1,0
C09A0,AT07-102280,239.4331,23.9503,180,0.6,0.3,1,0,1,0
C09A1,AT07-102315,237.458,23.967,0,0.6,0.3,1,0,1,0
C09A2,AT07-102321,236.4041,22.5558,90,0.6,0.3,1,0,1,0
C09A3,AT07-102321,237.5191,23.1243,0,0.6,0.3,1,0,1,0
C09A4,AT07-102321,237.5091,22.2843,0,0.6,0.3,1,0,1,0
C09A5,AT07-102321,240.4484,18.336,180,0.6,0.3,1,0,1,0
C09A6,AT07-102321,240.9934,17.231,270,0.6,0.3,1,0,1,0
C09A7,AT07-102321,240.1684,17.231,270,0.6,0.3,1,0,1,0
C09A8,AT07-102280,239.4331,22.8253,180,0.6,0.3,1,0,1,0
C09A9,AT07-102280,239.4331,21.7003,180,0.6,0.3,1,0,1,0
C09B0,AT07-102345,238.7046,20.4303,270,0.6,0.3,1,0,1,0
C11C4,AT07-102203,123.709,18.447,180,0.6,0.3,1,0,1,0
C11C5,AT07-102203,123.937,27.175,180,0.6,0.3,1,0,1,0
C11C6,AT07-102253,128.939,25.322,0,0.6,0.3,1,0,1,0
C11D9,AT07-102321,112.3465,23.167,270,0.6,0.3,1,0,1,0
C11E3,AT07-102321,113.1715,23.167,270,0.6,0.3,1,0,1,0
C11E4,AT07-102321,111.5215,23.167,270,0.6,0.3,1,0,1,0
C12D2,2203-010555,120.6863,15.3345,0,0.6,0.3,1,0,1,0
C12D3,2203-010555,120.3813,17.4645,270,0.6,0.3,1,0,1,0
C12D4,2203-010555,122.0713,15.3345,0,0.6,0.3,1,0,1,0
C12D5,2203-010555,121.3063,17.4645,270,0.6,0.3,1,0,1,0
C12D6,2203-010555,122.0713,16.1595,0,0.6,0.3,1,0,1,0
C12D7,2203-010555,122.0713,14.5095,0,0.6,0.3,1,0,1,0
C12D8,2203-010555,122.2313,17.4645,270,0.6,0.3,1,0,1,0
C12D9,2203-010555,123.4563,16.1595,0,0.6,0.3,1,0,1,0
C12E0,2203-010555,123.4563,14.5095,0,0.6,0.3,1,0,1,0
C12E1,2203-010555,123.4563,15.3345,0,0.6,0.3,1,0,1,0
C12E2,2203-010555,125.3227,28.8764,0,0.6,0.3,1,0,1,0
C12E3,2203-010555,124.215,28.237,90,0.6,0.3,1,0,1,0
C12E4,2203-010555,118.977,29.109,180,0.6,0.3,1,0,1,0
C12E5,2203-010555,125.3227,28.0428,0,0.6,0.3,1,0,1,0
C12E6,2203-010555,120.112,29.7817,90,0.6,0.3,1,0,1,0
C12F2,2203-010555,125.8715,19.2011,270,0.6,0.3,1,0,1,0
C12F3,2203-010555,126.6965,19.2011,270,0.6,0.3,1,0,1,0
C12G6,AT07-102321,129.358,17.677,270,0.6,0.3,1,0,1,0
C12G7,2203-010555,127.5215,19.2011,270,0.6,0.3,1,0,1,0
C12G8,2203-010555,125.0465,19.2011,270,0.6,0.3,1,0,1,0
C12G9,2203-010555,129.1715,19.2011,270,0.6,0.3,1,0,1,0
C12H0,2203-010555,128.3465,19.2011,270,0.6,0.3,1,0,1,0
C12H1,2203-010555,125.8715,20.6861,90,0.6,0.3,1,0,1,0
C12H2,2203-010555,125.0465,20.6861,90,0.6,0.3,1,0,1,0
C12H3,2203-010555,127.5215,20.6861,90,0.6,0.3,1,0,1,0
C12H4,2203-010555,126.6965,20.6861,90,0.6,0.3,1,0,1,0
C12H5,AT07-102321,129.702,28.795,0,0.6,0.3,1,0,1,0
C12H6,2203-010555,125.8715,26.847,90,0.6,0.3,1,0,1,0
C12H7,2203-010555,125.8715,25.462,270,0.6,0.3,1,0,1,0
C12H8,2203-010555,125.0465,26.847,90,0.6,0.3,1,0,1,0
C12H9,2203-010555,127.5215,25.462,270,0.6,0.3,1,0,1,0
C12I0,2203-010555,125.0465,25.462,270,0.6,0.3,1,0,1,0
C12I1,2203-010555,126.6965,25.462,270,0.6,0.3,1,0,1,0
C12I6,AT07-102321,115.084,21.782,270,0.6,0.3,1,0,1,0
C12I8,2203-010555,112.099,17.517,180,0.6,0.3,1,0,1,0
C12I9,2203-010555,115.084,20.397,90,0.6,0.3,1,0,1,0
C12J0,2203-010555,114.259,21.782,270,0.6,0.3,1,0,1,0
C12J1,2203-010555,112.099,18.342,180,0.6,0.3,1,0,1,0
C12J2,AT07-102321,127.89,15.387,180,0.6,0.3,1,0,1,0
C12J4,2203-010555,111.169,13.927,270,0.6,0.3,1,0,1,0
C12J5,2203-010555,115.909,17.627,90,0.6,0.3,1,0,1,0
C12J6,2203-010555,111.599,15.862,180,0.6,0.3,1,0,1,0
C12J7,2203-010555,114.259,17.627,90,0.6,0.3,1,0,1,0
C12J8,2203-010555,111.994,13.927,270,0.6,0.3,1,0,1,0
C12J9,2203-010555,117.8413,16.9845,180,0.6,0.3,1,0,1,0
C12K0,2203-010555,111.589,15.037,180,0.6,0.3,1,0,1,0
C12K1,2203-010555,115.084,15.992,270,0.6,0.3,1,0,1,0
C12K2,2203-010555,112.819,13.927,270,0.6,0.3,1,0,1,0
C12K3,2203-010555,113.434,17.627,90,0.6,0.3,1,0,1,0
C12K4,AT07-102321,130.183,17.677,270,0.6,0.3,1,0,1,0
C12K6,2203-010555,114.2615,26.467,270,0.6,0.3,1,0,1,0
C12K7,2203-010555,115.0865,27.852,90,0.6,0.3,1,0,1,0
C12K8,2203-010555,115.0865,26.467,270,0.6,0.3,1,0,1,0
C12K9,2203-010555,110.938,27.84,180,0.6,0.3,1,0,1,0
C12L0,2203-010555,110.938,27.015,180,0.6,0.3,1,0,1,0
C12L1,2203-010555,115.9115,26.467,270,0.6,0.3,1,0,1,0
C12L2,2203-010555,116.326,30.348,270,0.6,0.3,1,0,1,0
C12L3,2203-010555,117.539,29.107,180,0.6,0.3,1,0,1,0
C12L4,2203-010555,110.938,28.665,180,0.6,0.3,1,0,1,0
C12L5,2203-010555,110.938,30.315,180,0.6,0.3,1,0,1,0
C12L6,2203-010555,115.9115,27.852,90,0.6,0.3,1,0,1,0
C12L7,2203-010555,117.151,30.348,270,0.6,0.3,1,0,1,0
C12L8,2203-010555,118.801,30.348,270,0.6,0.3,1,0,1,0
C12L9,2203-010555,117.976,30.348,270,0.6,0.3,1,0,1,0
C12M0,2203-010555,128.3465,20.6861,90,0.6,0.3,1,0,1,0
C12M1,2203-010555,129.1715,20.6861,90,0.6,0.3,1,0,1,0
C12M4,2203-010555,114.259,19.012,270,0.6,0.3,1,0,1,0
C12M6,2203-010555,117.8413,16.1595,180,0.6,0.3,1,0,1,0
C12M7,2203-010555,119.2763,15.3345,0,0.6,0.3,1,0,1,0
C12M8,2203-010555,119.2763,16.9845,0,0.6,0.3,1,0,1,0
C12M9,2203-010555,119.2763,16.1595,0,0.6,0.3,1,0,1,0
C12N0,2203-010555,112.099,16.692,180,0.6,0.3,1,0,1,0
C12N1,2203-010555,127.722,30.5627,0,0.6,0.3,1,0,1,0
C12N2,2203-010555,124.9052,30.646,0,0.6,0.3,1,0,1,0
C12N3,2203-010555,124.9052,29.821,0,0.6,0.3,1,0,1,0
C12N4,2203-010555,126.295,30.5627,0,0.6,0.3,1,0,1,0
C12N6,2203-010555,125.2965,21.887,0,0.6,0.3,1,0,1,0
C12N7,2203-010555,126.6815,21.887,180,0.6,0.3,1,0,1,0
C12N8,2203-010555,125.2965,22.712,0,0.6,0.3,1,0,1,0
C12N9,2203-010555,126.6815,22.712,180,0.6,0.3,1,0,1,0
C12O0,2203-010555,125.2965,23.537,0,0.6,0.3,1,0,1,0
C12O1,2203-010555,126.6815,23.537,180,0.6,0.3,1,0,1,0
C12O2,2203-010555,115.6615,22.887,180,0.6,0.3,1,0,1,0
C12O3,2203-010555,114.2765,22.887,0,0.6,0.3,1,0,1,0
C12O4,2203-010555,114.2765,23.712,0,0.6,0.3,1,0,1,0
C12O5,2203-010555,115.6615,23.712,180,0.6,0.3,1,0,1,0
C12O6,2203-010555,115.6615,24.537,180,0.6,0.3,1,0,1,0
C12O7,2203-010555,114.2765,24.537,0,0.6,0.3,1,0,1,0
C12O8,2203-010555,114.2765,25.362,0,0.6,0.3,1,0,1,0
C12O9,2203-010555,115.6615,25.362,180,0.6,0.3,1,0,1,0
C12P4,2203-010555,121.2262,30.5787,0,0.6,0.3,1,0,1,0
C12P5,2203-010555,121.2262,29.7537,0,0.6,0.3,1,0,1,0
C12P6,2203-010555,121.069,28.613,90,0.6,0.3,1,0,1,0
C12P7,2203-010555,121.894,28.5987,90,0.6,0.3,1,0,1,0
C12P8,2203-010555,120.6863,16.1595,0,0.6,0.3,1,0,1,0
C12P9,2203-010555,120.6863,14.5095,0,0.6,0.3,1,0,1,0
C12Q0,2203-010555,112.099,19.167,180,0.6,0.3,1,0,1,0
C12Q1,2203-010555,113.434,20.397,90,0.6,0.3,1,0,1,0
C12Q2,2203-010555,115.909,19.012,270,0.6,0.3,1,0,1,0
C12Q3,2203-010555,113.434,19.012,270,0.6,0.3,1,0,1,0
C12Q4,2203-010555,115.084,19.012,270,0.6,0.3,1,0,1,0
C12Q5,2203-010555,114.259,20.397,90,0.6,0.3,1,0,1,0
C12Q6,2203-010555,115.909,20.397,90,0.6,0.3,1,0,1,0
C12Q7,2203-010555,115.084,17.627,90,0.6,0.3,1,0,1,0
C12Q8,2203-010555,113.434,15.992,270,0.6,0.3,1,0,1,0
C12Q9,2203-010555,115.909,15.992,270,0.6,0.3,1,0,1,0
C12R0,2203-010555,116.734,17.627,90,0.6,0.3,1,0,1,0
C12R1,2203-010555,116.734,15.992,270,0.6,0.3,1,0,1,0
C12R2,2203-010555,110.938,29.49,180,0.6,0.3,1,0,1,0
C12R3,2203-010555,112.3315,30.332,180,0.6,0.3,1,0,1,0
C12R4,2203-010555,110.938,26.19,180,0.6,0.3,1,0,1,0
C12R5,2203-010555,113.4365,26.467,270,0.6,0.3,1,0,1,0
C12R6,2203-010555,113.4365,27.852,90,0.6,0.3,1,0,1,0
C12R7,2203-010555,112.3315,27.032,180,0.6,0.3,1,0,1,0
C12R8,2203-010555,112.3315,26.207,180,0.6,0.3,1,0,1,0
C12R9,2203-010555,114.2615,27.852,90,0.6,0.3,1,0,1,0
C12S0,2203-010555,112.3315,28.682,180,0.6,0.3,1,0,1,0
C12S1,2203-010555,112.3315,27.857,180,0.6,0.3,1,0,1,0
C12S2,2203-010555,117.8413,14.5095,180,0.6,0.3,1,0,1,0
C12S3,2203-010555,119.2763,17.8095,0,0.6,0.3,1,0,1,0
C12S5,AT07-102321,115.909,21.782,270,0.6,0.3,1,0,1,0
C12S6,AT07-102321,117.539,27.457,180,0.6,0.3,1,0,1,0
C12S7,AT07-102284,116.8065,22.3415,90,0.6,0.3,1,0,1,0
C12S8,AT07-102284,122.979,19.5295,180,0.6,0.3,1,0,1,0
C12S9,AT07-102284,122.939,26.555,180,0.6,0.3,1,0,1,0
C12T0,AT07-102284,117.829,19.5295,0,0.6,0.3,1,0,1,0
C12T1,AT07-102284,117.829,26.5645,0,0.6,0.3,1,0,1,0
C12U0,AT07-102325,124.1215,20.917,270,0.6,0.3,1,0,1,0
C12U1,AT07-102325,124.1215,25.147,90,0.6,0.3,1,0,1,0
C12U2,AT07-102325,116.8065,21.3165,270,0.6,0.3,1,0,1,0
C12U3,AT07-102325,116.8065,23.297,270,0.6,0.3,1,0,1,0
C12U7,AT07-102321,117.539,28.282,180,0.6,0.3,1,0,1,0
C12V0,2203-010567,119.041,32.239,0,0.6,0.3,1,0,1,0
C13A1,2203-010567,136.157,17.199,180,0.6,0.3,1,0,1,0
C16D7,2203-010557,105.271,28.201,0,0.6,0.3,1,0,1,0
C16E5,2203-010557,104.281,20.63,0,0.6,0.3,1,0,1,0
C16E6,2203-010557,104.291,25.67,0,0.6,0.3,1,0,1,0
C16E7,2203-010557,106.731,20.63,0,0.6,0.3,1,0,1,0
C16E8,2203-010557,102.387,23.888,270,0.6,0.3,1,0,1,0
C16E9,2203-010557,101.841,21.92,180,0.6,0.3,1,0,1,0
C16F3,AT07-102255,98.299,25.1875,0,0.6,0.3,1,0,1,0
C16F4,2203-010557,104.291,23.17,0,0.6,0.3,1,0,1,0
C16F5,AT07-101533,100.736,25.38,0,0.6,0.3,1,0,1,0
C16F6,AT07-102336,100.8326,24.11,270,0.6,0.3,1,0,1,0
C16F7,AT07-102321,98.071,24.0897,180,0.6,0.3,1,0,1,0
C16F8,2203-010551,98.279,22.6425,180,0.6,0.3,1,0,1,0
C16F9,AT07-102342,99.4515,22.95,270,0.6,0.3,1,0,1,0
C16G5,AT07-102321,103.341,28.724,0,0.6,0.3,1,0,1,0
C16G6,AT07-102321,99.581,26.565,0,0.6,0.3,1,0,1,0
C16G7,AT07-102321,103.341,27.864,0,0.6,0.3,1,0,1,0
C16G8,AT07-102321,99.581,25.74,0,0.6,0.3,1,0,1,0
C16G9,AT07-102340,97.901,28.203,90,0.6,0.3,1,0,1,0
C16H0,AT07-102340,95.924,23.94,270,0.6,0.3,1,0,1,0
C29V1,AT07-102326,246.1488,19.2609,180,0.6,0.3,1,0,1,0
C29V2,AT07-102335,247.4688,19.4809,180,0.6,0.3,1,0,1,0
C29V3,AT07-102326,249.1638,21.4459,0,0.6,0.3,1,0,1,0
C29V4,AT07-102335,246.4488,20.4009,270,0.6,0.3,1,0,1,0
C29V5,AT07-102335,248.3088,18.4009,0,0.6,0.3,1,0,1,0
C30E1,2203-010567,136.6626,26.8127,270,0.6,0.3,1,0,1,0
C0466,2203-010551,223.5964,21.1249,180,0.6,0.3,1,0,1,0
C0467,2203-010573,223.5964,18.9899,180,0.6,0.3,1,0,1,0
C0468,2203-010573,230.4024,22.9309,90,0.6,0.3,1,0,1,0
C0469,AT07-102318,222.3564,21.9329,180,0.6,0.3,1,0,1,0
C0484,2203-010573,229.0684,15.5279,270,0.6,0.3,1,0,1,0
C0485,2203-010573,231.3434,15.5279,270,0.6,0.3,1,0,1,0
C0486,AT07-102342,222.2664,18.0479,180,0.6,0.3,1,0,1,0
C0487,AT07-102342,222.2664,15.3159,0,0.6,0.3,1,0,1,0
C0488,2203-010573,223.5964,18.4599,180,0.6,0.3,1,0,1,0
C0489,2203-010565,223.5364,22.1079,90,0.6,0.3,1,0,1,0
C0490,2203-010551,229.9474,22.9309,90,0.6,0.3,1,0,1,0
C0491,2203-010551,229.9784,15.5279,270,0.6,0.3,1,0,1,0
C0492,2203-010551,230.8884,15.5279,270,0.6,0.3,1,0,1,0
C0493,2203-010551,223.5964,19.5199,180,0.6,0.3,1,0,1,0
C0494,2203-010573,227.2174,22.9309,90,0.6,0.3,1,0,1,0
C0495,AT07-102203,226.5297,23.1609,90,0.6,0.3,1,0,1,0
C0496,AT07-102318,227.4114,14.1979,270,0.6,0.3,1,0,1,0
C0497,2203-010565,228.2364,14.1909,270,0.6,0.3,1,0,1,0
C0498,AT07-102203,229.0354,14.1909,270,0.6,0.3,1,0,1,0
C0499,AT07-102318,232.2834,14.1909,270,0.6,0.3,1,0,1,0
C0592,AT07-102318,224.955,24.287,0,0.6,0.3,1,0,1,0
C0593,2203-010551,224.397,23.31,270,0.6,0.3,1,0,1,0
C0594,2203-010573,224.852,23.319,270,0.6,0.3,1,0,1,0
C0601,2203-010573,230.8813,30.2439,180,0.6,0.3,1,0,1,0
C0692,2203-010573,234.1343,29.3593,0,0.6,0.3,1,0,1,0
C0703,AT07-102318,152.8859,24.7927,270,0.6,0.3,1,0,1,0
C0704,AT07-102318,152.0609,24.7927,270,0.6,0.3,1,0,1,0
C0709,2203-010552,153.7268,28.6547,270,0.6,0.3,1,0,1,0
C0710,2203-010552,158.863,27.8597,90,0.6,0.3,1,0,1,0
C0711,2203-010552,158.863,28.7847,90,0.6,0.3,1,0,1,0
C0713,2203-010552,158.863,26.9347,270,0.6,0.3,1,0,1,0
C0730,2203-010552,153.7268,25.585,270,0.6,0.3,1,0,1,0
C0733,2203-010552,158.863,26.005,270,0.6,0.3,1,0,1,0
C0736,2203-010552,153.7268,29.943,90,0.6,0.3,1,0,1,0
C0739,2203-010552,153.7268,27.7297,270,0.6,0.3,1,0,1,0
C0742,2203-010552,153.7268,26.51,270,0.6,0.3,1,0,1,0
C0792,2203-010555,159.7039,25.3127,270,0.6,0.3,1,0,1,0
C0793,2203-010555,160.5289,25.3127,270,0.6,0.3,1,0,1,0
C0794,2203-010555,152.8859,28.9477,270,0.6,0.3,1,0,1,0
C0795,2203-010555,159.7039,28.0827,90,0.6,0.3,1,0,1,0
C0796,2203-010555,152.0609,30.3327,90,0.6,0.3,1,0,1,0
C0797,2203-010555,152.0609,28.9477,270,0.6,0.3,1,0,1,0
C0798,2203-010555,160.5289,28.0827,90,0.6,0.3,1,0,1,0
C0799,2203-010555,159.7039,26.6977,270,0.6,0.3,1,0,1,0
C0903,AT07-101982,237.5519,17.4039,270,0.6,0.3,1,0,1,0
C0992,AT07-102280,241.7737,14.515,270,0.6,0.3,1,0,1,0
C0993,AT07-102280,242.8987,14.515,270,0.6,0.3,1,0,1,0
C0994,AT07-102280,239.5237,14.515,270,0.6,0.3,1,0,1,0
C0995,AT07-102280,240.6487,14.515,270,0.6,0.3,1,0,1,0
C0996,AT07-102315,242.3309,18.5699,0,0.6,0.3,1,0,1,0
C0997,AT07-102207,238.5019,15.9839,180,0.6,0.3,1,0,1,0
C0998,AT07-102345,239.659,16.139,0,0.6,0.3,1,0,1,0
C0999,AT07-101982,236.6076,19.9743,180,0.6,0.3,1,0,1,0
C1153,AT07-102321,117.8413,17.8095,180,0.6,0.3,1,0,1,0
C1154,AT07-102321,111.5215,25.007,90,0.6,0.3,1,0,1,0
C1155,AT07-102321,113.1715,25.007,90,0.6,0.3,1,0,1,0
C1156,AT07-102321,112.3465,25.007,90,0.6,0.3,1,0,1,0
C1159,2203-010555,129.594,25.992,0,0.6,0.3,1,0,1,0
C1161,2203-010565,119.569,27.857,90,0.6,0.3,1,0,1,0
C1162,AT07-102321,117.8413,18.6345,180,0.6,0.3,1,0,1,0
C1163,AT07-102321,123.819,17.337,90,0.6,0.3,1,0,1,0
C1164,AT07-102321,124.899,15.3345,180,0.6,0.3,1,0,1,0
C1165,AT07-102340,127.382,13.947,180,0.6,0.3,1,0,1,0
C1166,AT07-102340,130.138,14.75,90,0.6,0.3,1,0,1,0
C1167,AT07-102284,123.523,28.002,270,0.6,0.3,1,0,1,0
C1214,2203-010567,127.785,27.392,0,0.6,0.3,1,0,1,0
C1300,AT07-102319,139.108,17.0375,0,0.6,0.3,1,0,1,0
C1310,2203-010557,148.388,18.009,270,0.6,0.3,1,0,1,0
C1311,2203-010557,142.418,23.974,180,0.6,0.3,1,0,1,0
C1312,2203-010557,142.418,14.444,180,0.6,0.3,1,0,1,0
C1313,2203-010557,145.168,21.374,0,0.6,0.3,1,0,1,0
C1314,AT07-101911,148.018,22.0556,90,0.6,0.3,1,0,1,0
C1316,2203-010557,151.758,21.259,0,0.6,0.3,1,0,1,0
C1317,2203-010557,151.758,17.509,0,0.6,0.3,1,0,1,0
C1318,AT07-101911,148.958,15.134,180,0.6,0.3,1,0,1,0
C1319,AT05-102650,142.708,19.209,180,0.6,0.3,1,0,1,0
C1320,AT07-102337,134.718,24.004,270,0.6,0.3,1,0,1,0
C1321,AT07-102337,136.505,13.8425,180,0.6,0.3,1,0,1,0
C1322,AT07-102337,138.895,14.9775,0,0.6,0.3,1,0,1,0
C1323,AT07-102337,138.895,13.8425,0,0.6,0.3,1,0,1,0
C1324,AT07-102337,138.895,16.1125,0,0.6,0.3,1,0,1,0
C1325,AT07-102337,138.895,23.5405,0,0.6,0.3,1,0,1,0
C1326,AT07-102337,138.895,22.4055,0,0.6,0.3,1,0,1,0
C1327,AT07-102337,136.505,23.5455,180,0.6,0.3,1,0,1,0
C1328,AT07-102337,136.505,14.9775,180,0.6,0.3,1,0,1,0
C1329,AT07-102337,134.688,14.184,90,0.6,0.3,1,0,1,0
C1330,AT07-102337,136.505,16.1125,180,0.6,0.3,1,0,1,0
C1331,AT07-102337,136.505,22.4105,180,0.6,0.3,1,0,1,0
C1332,2203-010557,145.168,14.471,0,0.6,0.3,1,0,1,0
C1333,2203-010557,147.038,18.009,270,0.6,0.3,1,0,1,0
C1334,2203-010557,145.168,17.044,0,0.6,0.3,1,0,1,0
C1335,2203-010557,145.168,15.744,0,0.6,0.3,1,0,1,0
C1336,2203-010557,145.168,22.674,0,0.6,0.3,1,0,1,0
C1337,2203-010557,145.168,23.974,0,0.6,0.3,1,0,1,0
C1338,2203-010557,151.758,18.759,0,0.6,0.3,1,0,1,0
C1339,2203-010557,151.758,20.009,0,0.6,0.3,1,0,1,0
C1340,2203-010557,151.758,22.509,0,0.6,0.3,1,0,1,0
C1347,AT07-102320,140.718,19.459,180,0.6,0.3,1,0,1,0
C1348,AT07-102320,140.718,18.959,180,0.6,0.3,1,0,1,0
C1351,AT07-102319,139.108,21.4805,0,0.6,0.3,1,0,1,0
C1386,AT07-102337,136.505,24.6805,180,0.6,0.3,1,0,1,0
C1387,AT07-102337,138.895,24.6755,0,0.6,0.3,1,0,1,0
C1390,2203-010555,136.877,21.4305,180,0.6,0.3,1,0,1,0
C1391,AT07-101719,134.7735,20.354,180,0.6,0.3,1,0,1,0
C1392,2203-010555,134.7735,19.014,180,0.6,0.3,1,0,1,0
C1393,2203-010555,134.7735,18.189,180,0.6,0.3,1,0,1,0
C1394,AT07-102331,135.0035,17.004,180,0.6,0.3,1,0,1,0
C1395,AT07-102341,134.4585,21.279,0,0.6,0.3,1,0,1,0
C1396,AT07-102240,141.618,19.209,270,0.6,0.3,1,0,1,0
C1398,AT07-102331,135.0035,17.519,180,0.6,0.3,1,0,1,0
C1400,2203-010557,172.2643,24.1054,0,0.6,0.3,1,0,1,0
C1401,2203-010557,172.1143,13.6854,0,0.6,0.3,1,0,1,0
C1402,2203-010557,169.5643,14.2789,180,0.6,0.3,1,0,1,0
C1403,2203-010557,169.5643,15.6289,180,0.6,0.3,1,0,1,0
C1404,AT07-102319,170.5643,16.6289,0,0.6,0.3,1,0,1,0
C1405,AT07-102319,170.5643,21.4219,0,0.6,0.3,1,0,1,0
C1406,2203-010557,163.9643,17.7854,90,0.6,0.3,1,0,1,0
C1407,2203-010557,162.6143,17.7854,90,0.6,0.3,1,0,1,0
C1408,2203-010557,161.2736,17.7854,90,0.6,0.3,1,0,1,0
C1409,2203-010557,163.9643,20.2854,270,0.6,0.3,1,0,1,0
C1410,2203-010557,162.6143,20.2854,270,0.6,0.3,1,0,1,0
C1411,2203-010557,161.2736,20.2854,270,0.6,0.3,1,0,1,0
C1412,2203-010557,159.417,14.8864,180,0.6,0.3,1,0,1,0
C1413,2203-010557,159.417,16.1364,180,0.6,0.3,1,0,1,0
C1414,2203-010557,159.417,13.6364,180,0.6,0.3,1,0,1,0
C1417,AT07-101911,155.688,14.558,0,0.6,0.3,1,0,1,0
C1418,AT07-101911,157.9056,21.1813,0,0.6,0.3,1,0,1,0
C1420,AT07-102249,172.8543,22.1619,0,0.6,0.3,1,0,1,0
C1443,2203-010557,169.5643,22.4219,180,0.6,0.3,1,0,1,0
C1455,2203-010557,169.5643,23.7719,180,0.6,0.3,1,0,1,0
C1456,AT07-102320,167.5643,17.5954,90,0.6,0.3,1,0,1,0
C1457,AT07-102320,167.5643,20.4554,270,0.6,0.3,1,0,1,0
C1458,2203-010555,168.4108,18.0804,90,0.6,0.3,1,0,1,0
C1459,2203-010555,168.4108,19.9704,270,0.6,0.3,1,0,1,0
C1460,2203-010555,159.263,17.201,180,0.6,0.3,1,0,1,0
C1462,2203-010555,171.3543,15.2054,270,0.6,0.3,1,0,1,0
C1463,AT07-101719,172.6943,16.6789,0,0.6,0.3,1,0,1,0
C1464,2203-010555,172.6943,15.0289,0,0.6,0.3,1,0,1,0
C1465,2203-010555,172.6943,15.8539,0,0.6,0.3,1,0,1,0
C1466,AT07-102281,172.471,22.947,0,0.6,0.3,1,0,1,0
C1467,AT07-102331,172.2293,21.4219,90,0.6,0.3,1,0,1,0
C1471,AT07-102331,173.7193,20.9219,270,0.6,0.3,1,0,1,0
C1472,AT07-102240,168.3608,19.0254,0,0.6,0.3,1,0,1,0
C1473,AT07-102263,171.086,22.4119,270,0.6,0.3,1,0,1,0
C1474,2203-010567,173.2343,19.5004,270,0.6,0.3,1,0,1,0
C1601,2203-010557,101.831,19.32,180,0.6,0.3,1,0,1,0
C1602,2203-010557,106.731,19.32,0,0.6,0.3,1,0,1,0
C1603,2203-010557,104.291,24.42,0,0.6,0.3,1,0,1,0
C1607,2203-010557,105.271,26.925,0,0.6,0.3,1,0,1,0
C1700,AT07-102328,100.191,20.26,90,0.6,0.3,1,0,1,0
C1701,AT07-101708,100.201,18.86,270,0.6,0.3,1,0,1,0
C1707,2203-010557,104.291,21.92,0,0.6,0.3,1,0,1,0
C1708,2203-010557,104.281,19.32,0,0.6,0.3,1,0,1,0
C1709,2203-010557,101.831,20.63,180,0.6,0.3,1,0,1,0
C1710,2203-010557,104.821,17.92,0,0.6,0.3,1,0,1,0
C1711,2203-010557,100.651,16.659,270,0.6,0.3,1,0,1,0
C1712,2203-010557,95.601,17.96,270,0.6,0.3,1,0,1,0
C1717,AT07-102319,99.141,18.12,180,0.6,0.3,1,0,1,0
C1718,AT07-102319,96.981,18.11,0,0.6,0.3,1,0,1,0
C1721,2203-010557,100.451,14.195,270,0.6,0.3,1,0,1,0
C1722,2203-010557,106.701,14.195,270,0.6,0.3,1,0,1,0
C1723,2203-010557,101.701,14.195,270,0.6,0.3,1,0,1,0
C1724,2203-010557,95.591,15.495,90,0.6,0.3,1,0,1,0
C1725,2203-010557,107.951,14.195,270,0.6,0.3,1,0,1,0
C1726,2203-010557,104.201,14.195,270,0.6,0.3,1,0,1,0
C1727,2203-010557,102.951,14.195,270,0.6,0.3,1,0,1,0
C1728,2203-010557,105.451,14.195,270,0.6,0.3,1,0,1,0
C1729,AT07-102228,100.151,21.72,90,0.6,0.3,1,0,1,0
C1731,AT07-101708,98.106,21.885,180,0.6,0.3,1,0,1,0
C1732,AT07-102343,99.056,21.54,90,0.6,0.3,1,0,1,0
C1900,AT07-102344,61.704,25.667,270,0.6,0.3,1,0,1,0
C1901,AT07-102337,53.491,21.932,270,0.6,0.3,1,0,1,0
C1903,AT07-102344,61.704,22.892,270,0.6,0.3,1,0,1,0
C1904,AT07-102344,61.704,26.592,270,0.6,0.3,1,0,1,0
C1905,AT07-102344,61.704,23.817,270,0.6,0.3,1,0,1,0
C1906,AT07-102344,70.944,26.3611,90,0.6,0.3,1,0,1,0
C1907,AT07-102344,70.944,29.1361,270,0.6,0.3,1,0,1,0
C1908,AT07-102344,70.944,28.2111,270,0.6,0.3,1,0,1,0
C1909,AT07-102344,70.944,25.4361,270,0.6,0.3,1,0,1,0
C1910,AT07-102344,70.944,24.5111,270,0.6,0.3,1,0,1,0
C1911,AT07-102344,70.944,22.6611,270,0.6,0.3,1,0,1,0
C1912,AT07-102344,70.944,23.5861,270,0.6,0.3,1,0,1,0
C1924,AT07-102344,67.274,30.542,0,0.6,0.3,1,0,1,0
C1925,AT07-102344,70.944,27.2861,270,0.6,0.3,1,0,1,0
C1926,AT07-102344,61.704,21.967,270,0.6,0.3,1,0,1,0
C1946,2203-010563,41.601,24.663,180,0.6,0.3,1,0,1,0
C1948,AT07-102333,45.968,31.507,180,0.6,0.3,1,0,1,0
C1949,AT07-102333,48.768,31.042,0,0.6,0.3,1,0,1,0
C1950,AT07-102333,45.043,31.507,180,0.6,0.3,1,0,1,0
C1951,AT07-102333,44.118,31.507,180,0.6,0.3,1,0,1,0
C1952,AT07-102344,61.704,24.742,270,0.6,0.3,1,0,1,0
C2000,AT07-102344,43.198,22.892,270,0.6,0.3,1,0,1,0
C2001,AT07-102337,72.091,21.147,90,0.6,0.3,1,0,1,0
C2002,AT07-102344,43.198,26.592,270,0.6,0.3,1,0,1,0
C2003,AT07-102344,43.198,23.817,270,0.6,0.3,1,0,1,0
C2004,AT07-102344,43.198,25.667,270,0.6,0.3,1,0,1,0
C2005,AT07-102344,43.198,24.742,270,0.6,0.3,1,0,1,0
C2006,AT07-102344,52.438,28.2111,270,0.6,0.3,1,0,1,0
C2007,AT07-102344,52.438,29.1361,270,0.6,0.3,1,0,1,0
C2008,AT07-102344,52.438,25.4361,270,0.6,0.3,1,0,1,0
C2009,AT07-102344,52.438,23.5861,270,0.6,0.3,1,0,1,0
C2010,AT07-102344,52.438,22.6611,270,0.6,0.3,1,0,1,0
C2011,AT07-102344,52.438,24.5111,270,0.6,0.3,1,0,1,0
C2012,AT07-102344,48.768,30.542,0,0.6,0.3,1,0,1,0
C2013,AT07-102344,52.438,26.3611,90,0.6,0.3,1,0,1,0
C2024,AT07-102344,52.438,27.2861,270,0.6,0.3,1,0,1,0
C2025,AT07-102344,43.198,21.967,270,0.6,0.3,1,0,1,0
C2100,2203-010563,49.4272,15.027,270,0.6,0.3,1,0,1,0
C2101,AT07-102334,54.799,26.897,180,0.6,0.3,1,0,1,0
C2102,2203-010563,43.905,16.451,180,0.6,0.3,1,0,1,0
C2103,AT07-102334,54.799,26.072,180,0.6,0.3,1,0,1,0
C2104,AT07-102334,53.414,26.884,0,0.6,0.3,1,0,1,0
C2105,AT07-102334,53.414,25.234,180,0.6,0.3,1,0,1,0
C2106,AT07-102272,47.832,19.327,180,0.6,0.3,1,0,1,0
C2122,AT07-102337,64.746,14.349,90,0.6,0.3,1,0,1,0
C2123,AT07-102337,68.151,14.349,90,0.6,0.3,1,0,1,0
C2124,AT07-102337,67.666,16.074,0,0.6,0.3,1,0,1,0
C2129,2203-010563,54.94,32.0727,90,0.6,0.3,1,0,1,0
C2130,138S00215,60.1579,14.242,270,0.6,0.3,1,0,1,0
C2131,AT07-102322,54.931,18.242,180,0.6,0.3,1,0,1,0
C2132,AT07-102322,54.931,16.292,180,0.6,0.3,1,0,1,0
C2133,AT07-102322,52.931,14.342,180,0.6,0.3,1,0,1,0
C2134,AT07-102322,57.301,14.342,0,0.6,0.3,1,0,1,0
C2137,AT07-102322,58.353,21.215,270,0.6,0.3,1,0,1,0
C2138,AT07-102322,60.303,25.665,90,0.6,0.3,1,0,1,0
C2139,AT07-102322,60.303,21.215,270,0.6,0.3,1,0,1,0
C2140,138S00215,55.923,26.242,90,0.6,0.3,1,0,1,0
C2141,138S00215,56.953,24.166,270,0.6,0.3,1,0,1,0
C2142,138S00215,56.953,22.781,270,0.6,0.3,1,0,1,0
C2143,138S00215,56.953,21.396,270,0.6,0.3,1,0,1,0
C2144,138S00215,57.045,25.897,0,0.6,0.3,1,0,1,0
C2145,138S00215,50.074,15.267,270,0.6,0.3,1,0,1,0
C2146,138S00215,43.504,15.804,180,0.6,0.3,1,0,1,0
C2148,AT07-102323,61.9346,12.0769,180,0.6,0.3,1,0,1,0
C2151,AT07-102324,71.7262,14.5351,0,0.6,0.3,1,0,1,0
C2157,AT07-102337,49.4852,13.9652,0,0.6,0.3,1,0,1,0
C2159,2203-010563,61.2679,14.4902,90,0.6,0.3,1,0,1,0
C2161,2203-010573,60.8129,14.4902,270,0.6,0.3,1,0,1,0
C2169,AT07-102337,62.979,19.325,180,0.6,0.3,1,0,1,0
C2170,AT07-102337,65.345,16.074,180,0.6,0.3,1,0,1,0
C2171,AT07-102337,65.881,14.349,90,0.6,0.3,1,0,1,0
C2172,AT07-102337,67.016,14.349,90,0.6,0.3,1,0,1,0
C2173,2203-010394,64.961,12.696,0,0.6,0.3,1,0,1,0
C2174,AT07-102346,63.3219,13.762,270,0.6,0.3,1,0,1,0
C2175,2203-010551,63.7769,13.762,270,0.6,0.3,1,0,1,0
C2180,138S00215,43.855,18.2978,180,0.6,0.3,1,0,1,0
C2181,AT07-102203,70.0208,14.1039,270,0.6,0.3,1,0,1,0
C2185,AT07-102272,45.044,16.586,270,0.6,0.3,1,0,1,0
C2190,AT07-102330,52.511,30.7511,0,0.6,0.3,1,0,1,0
C2193,AT07-102339,52.438,30.0611,90,0.6,0.3,1,0,1,0
C2194,AT07-102334,53.414,26.059,180,0.6,0.3,1,0,1,0
C2728,AT07-102326,248.373,14.1804,270,0.6,0.3,1,0,1,0
C2882,2203-010550,222.012,12.702,270,0.6,0.3,1,0,1,0
C2883,2203-010550,222.922,12.702,270,0.6,0.3,1,0,1,0
C2884,2203-010550,223.832,12.702,270,0.6,0.3,1,0,1,0
C2885,2203-010550,224.742,12.702,270,0.6,0.3,1,0,1,0
C2886,2203-010550,222.922,11.777,270,0.6,0.3,1,0,1,0
C2887,2203-010550,222.012,11.777,270,0.6,0.3,1,0,1,0
C2888,2203-010550,223.832,11.777,270,0.6,0.3,1,0,1,0
C2889,2203-010550,224.742,11.777,270,0.6,0.3,1,0,1,0
C2890,2203-010567,224.987,14.862,90,0.6,0.3,1,0,1,0
C3000,2203-010567,135.5426,28.3877,90,0.6,0.3,1,0,1,0
C3001,AT07-102327,135.5426,27.4602,270,0.6,0.3,1,0,1,0
C3125,AT07-102326,220.7432,14.7887,180,0.6,0.3,1,0,1,0
C3300,AT07-102203,6.8266,8.05,90,0.6,0.3,1,0,1,0
C3301,AT07-102203,5.3766,6.63,90,0.6,0.3,1,0,1,0
C3302,AT07-102203,4.6516,8.05,90,0.6,0.3,1,0,1,0
C3303,AT07-102203,8.3766,6.63,90,0.6,0.3,1,0,1,0
C3304,AT07-102203,4.6516,6.63,90,0.6,0.3,1,0,1,0
C3305,AT07-102203,5.3766,8.05,90,0.6,0.3,1,0,1,0
C3306,AT07-102203,6.1016,6.63,90,0.6,0.3,1,0,1,0
C3307,2203-010555,26.0575,8.055,90,0.6,0.3,1,0,1,0
C3310,AT05-100451,27.9175,6.68,0,0.6,0.3,1,0,1,0
C3311,2203-010574,27.9175,6.225,0,0.6,0.3,1,0,1,0
C3312,2203-010551,25.2425,6.83,90,0.6,0.3,1,0,1,0
C3313,AT07-101982,36.6575,6.65,90,0.6,0.3,1,0,1,0
C3314,AT07-102171,17.3825,7.43,90,0.6,0.3,1,0,1,0
C3315,AT07-101982,18.8075,7.43,90,0.6,0.3,1,0,1,0
C3316,AT07-102171,35.2825,6.65,90,0.6,0.3,1,0,1,0
C3319,AT05-100451,21.7425,6.63,0,0.6,0.3,1,0,1,0
C3320,2203-010574,20.4575,6.82,180,0.6,0.3,1,0,1,0
C3321,2203-010551,21.7425,7.085,0,0.6,0.3,1,0,1,0
C3322,2203-010555,37.4325,6.65,90,0.6,0.3,1,0,1,0
C3323,AT07-101982,16.6825,7.43,90,0.6,0.3,1,0,1,0
C3324,AT07-101982,18.0825,7.43,90,0.6,0.3,1,0,1,0
C3325,AT07-102171,35.9575,6.65,90,0.6,0.3,1,0,1,0
C3326,2203-010555,34.5325,6.605,90,0.6,0.3,1,0,1,0
C3327,2203-010555,19.5825,6.62,90,0.6,0.3,1,0,1,0
C3328,2203-010555,34.1525,7.71,0,0.6,0.3,1,0,1,0
C3331,AT07-101982,25.8375,6.62,90,0.6,0.3,1,0,1,0
C3332,AT05-100451,26.4275,6.48,90,0.6,0.3,1,0,1,0
C3333,2203-010574,26.8825,6.48,90,0.6,0.3,1,0,1,0
C3334,2203-010555,38.5125,7.92,0,0.6,0.3,1,0,1,0
C3335,2203-010555,38.5375,7.095,0,0.6,0.3,1,0,1,0
C3336,2203-010555,15.9075,6.62,90,0.6,0.3,1,0,1,0
C3339,AT07-101982,30.1375,8.055,90,0.6,0.3,1,0,1,0
C3340,AT05-100451,30.0057,6.68,180,0.6,0.3,1,0,1,0
C3341,2203-010574,30.0057,7.135,180,0.6,0.3,1,0,1,0
C3350,AT07-101755,7.421,7.921,90,0.6,0.3,1,0,1,0
C3351,AT05-100451,23.8725,7.135,180,0.6,0.3,1,0,1,0
C3352,2203-010574,23.8725,6.68,180,0.6,0.3,1,0,1,0
C3353,2203-010551,23.8725,6.225,180,0.6,0.3,1,0,1,0
C3354,2203-010555,6.8766,6.63,90,0.6,0.3,1,0,1,0
C3355,2203-010555,20.5875,8.295,180,0.6,0.3,1,0,1,0
C3356,AT07-102171,24.3925,8.08,90,0.6,0.3,1,0,1,0
C3360,AT07-101982,31.5975,8.055,90,0.6,0.3,1,0,1,0
C3361,AT05-100451,30.9355,6.225,180,0.6,0.3,1,0,1,0
C3362,2203-010574,30.9355,6.68,180,0.6,0.3,1,0,1,0
C3363,2203-010551,30.9355,7.135,180,0.6,0.3,1,0,1,0
C3364,2203-010555,33.0475,8.04,90,0.6,0.3,1,0,1,0
C3369,AT07-101755,3.775,7.556,180,0.6,0.3,1,0,1,0
C3370,AT07-101755,3.874,8.272,90,0.6,0.3,1,0,1,0
C3371,AT07-101755,8.786,7.921,90,0.6,0.3,1,0,1,0
C3372,AT07-101755,7.876,7.921,90,0.6,0.3,1,0,1,0
C3373,AT07-101755,8.331,7.921,90,0.6,0.3,1,0,1,0
C3374,AT07-101755,3.201,6.523,90,0.6,0.3,1,0,1,0
C3375,AT07-101755,9.796,6.561,90,0.6,0.3,1,0,1,0
C3500,AT07-101982,66.014,8.114,180,0.6,0.3,1,0,1,0
C3501,AT05-100451,66.934,8.236,90,0.6,0.3,1,0,1,0
C3502,2203-010574,67.389,8.236,90,0.6,0.3,1,0,1,0
C3503,AT07-101982,62.98,6.663,90,0.6,0.3,1,0,1,0
C3504,AT05-100451,63.57,6.78,90,0.6,0.3,1,0,1,0
C3505,2203-010574,62.39,6.78,90,0.6,0.3,1,0,1,0
C3506,AT07-102171,48.94,6.605,90,0.6,0.3,1,0,1,0
C3507,AT07-102171,72.169,8.076,270,0.6,0.3,1,0,1,0
C3508,AT07-102171,70.819,8.076,270,0.6,0.3,1,0,1,0
C3509,AT07-102171,50.29,6.605,90,0.6,0.3,1,0,1,0
C3510,AT07-101982,50.99,6.605,90,0.6,0.3,1,0,1,0
C3511,AT07-101982,73.744,6.691,270,0.6,0.3,1,0,1,0
C3512,AT07-102171,49.615,6.605,90,0.6,0.3,1,0,1,0
C3513,AT07-102171,71.494,8.076,270,0.6,0.3,1,0,1,0
C3514,2203-010555,61.495,8.055,90,0.6,0.3,1,0,1,0
C3517,AT05-100451,61.345,6.674,180,0.6,0.3,1,0,1,0
C3518,2203-010574,61.345,7.129,180,0.6,0.3,1,0,1,0
C3519,2203-010551,61.345,6.219,180,0.6,0.3,1,0,1,0
C3520,2203-010555,72.919,6.691,270,0.6,0.3,1,0,1,0
C3521,2203-010555,72.094,6.691,270,0.6,0.3,1,0,1,0
C3525,2203-010555,53.51,8.061,90,0.6,0.3,1,0,1,0
C3528,AT05-100451,52.635,6.425,180,0.6,0.3,1,0,1,0
C3529,2203-010574,52.635,7.335,180,0.6,0.3,1,0,1,0
C3530,2203-010551,52.635,6.88,180,0.6,0.3,1,0,1,0
C3531,2203-010555,72.919,8.076,270,0.6,0.3,1,0,1,0
C3532,2203-010555,73.744,8.076,270,0.6,0.3,1,0,1,0
C3536,AT07-101982,55.11,8.055,90,0.6,0.3,1,0,1,0
C3537,AT05-100451,55.22,7.135,0,0.6,0.3,1,0,1,0
C3538,2203-010574,55.22,6.68,0,0.6,0.3,1,0,1,0
C3539,2203-010551,55.22,6.225,0,0.6,0.3,1,0,1,0
C3541,AT05-100451,59.225,6.22,180,0.6,0.3,1,0,1,0
C3542,2203-010574,59.225,6.675,180,0.6,0.3,1,0,1,0
C3543,2203-010551,59.225,7.13,180,0.6,0.3,1,0,1,0
C3544,AT07-102171,59.47,7.728,180,0.6,0.3,1,0,1,0
C3555,2203-010555,70.069,8.076,90,0.6,0.3,1,0,1,0
C3600,AT07-101982,107.2889,7.261,0,0.6,0.3,1,0,1,0
C3601,AT05-100451,107.0829,6.657,0,0.6,0.3,1,0,1,0
C3602,2203-010574,107.0829,6.202,0,0.6,0.3,1,0,1,0
C3603,AT07-101982,105.4689,6.663,90,0.6,0.3,1,0,1,0
C3604,AT05-100451,106.0589,6.78,90,0.6,0.3,1,0,1,0
C3605,2203-010574,104.8789,6.78,90,0.6,0.3,1,0,1,0
C3606,AT07-102171,96.243,8.076,270,0.6,0.3,1,0,1,0
C3607,AT07-102171,118.9389,6.775,0,0.6,0.3,1,0,1,0
C3608,AT07-102171,96.243,6.691,270,0.6,0.3,1,0,1,0
C3609,AT07-102171,117.1389,7.115,90,0.6,0.3,1,0,1,0
C3610,AT07-101982,94.093,6.691,270,0.6,0.3,1,0,1,0
C3611,AT07-101982,116.4389,7.115,90,0.6,0.3,1,0,1,0
C3612,AT07-102171,96.918,8.076,270,0.6,0.3,1,0,1,0
C3613,AT07-102171,117.8139,7.115,90,0.6,0.3,1,0,1,0
C3614,2203-010555,104.7339,8.055,90,0.6,0.3,1,0,1,0
C3617,AT05-100451,103.8339,7.174,180,0.6,0.3,1,0,1,0
C3618,2203-010574,103.8339,7.629,180,0.6,0.3,1,0,1,0
C3619,2203-010551,103.8339,6.719,180,0.6,0.3,1,0,1,0
C3620,2203-010555,115.342,8.2759,180,0.6,0.3,1,0,1,0
C3621,2203-010555,115.315,7.4489,180,0.6,0.3,1,0,1,0
C3625,AT07-102338,98.9989,8.061,90,0.6,0.3,1,0,1,0
C3628,AT05-100451,98.1239,6.425,180,0.6,0.3,1,0,1,0
C3629,2203-010574,98.1239,7.335,180,0.6,0.3,1,0,1,0
C3630,2203-010551,98.1239,6.88,180,0.6,0.3,1,0,1,0
C3631,2203-010555,118.9389,8.35,180,0.6,0.3,1,0,1,0
C3632,2203-010555,118.9389,7.525,180,0.6,0.3,1,0,1,0
C3636,AT07-101982,99.7989,8.055,90,0.6,0.3,1,0,1,0
C3637,AT05-100451,99.9089,7.135,0,0.6,0.3,1,0,1,0
C3638,2203-010574,99.9089,6.68,0,0.6,0.3,1,0,1,0
C3639,2203-010551,99.9089,6.225,0,0.6,0.3,1,0,1,0
C3641,AT05-100451,101.8139,6.52,180,0.6,0.3,1,0,1,0
C3642,2203-010574,101.8139,7.43,180,0.6,0.3,1,0,1,0
C3643,2203-010551,101.8139,6.975,180,0.6,0.3,1,0,1,0
C3644,AT07-101982,100.7339,8.07,90,0.6,0.3,1,0,1,0
C3645,AT07-101982,100.7339,6.679,90,0.6,0.3,1,0,1,0
C3646,AT07-102171,102.0589,8.028,180,0.6,0.3,1,0,1,0
C3661,AT07-102338,113.2639,8.055,90,0.6,0.3,1,0,1,0
C3700,AT07-101982,149.6888,8.114,180,0.6,0.3,1,0,1,0
C3701,AT05-100451,151.0638,8.236,90,0.6,0.3,1,0,1,0
C3702,2203-010574,150.6088,8.236,90,0.6,0.3,1,0,1,0
C3703,AT07-101982,146.7248,6.663,90,0.6,0.3,1,0,1,0
C3704,AT05-100451,147.3148,6.78,90,0.6,0.3,1,0,1,0
C3705,2203-010574,146.1348,6.78,90,0.6,0.3,1,0,1,0
C3706,AT07-102171,136.1098,8.385,0,0.6,0.3,1,0,1,0
C3707,AT07-102171,157.7138,8.076,270,0.6,0.3,1,0,1,0
C3708,AT07-102171,133.6548,6.605,90,0.6,0.3,1,0,1,0
C3709,AT07-102171,156.3638,8.076,270,0.6,0.3,1,0,1,0
C3710,AT07-101982,134.3548,6.605,90,0.6,0.3,1,0,1,0
C3711,AT07-101982,159.2888,6.691,270,0.6,0.3,1,0,1,0
C3712,AT07-102171,136.1098,7.66,180,0.6,0.3,1,0,1,0
C3713,AT07-102171,157.0388,8.076,270,0.6,0.3,1,0,1,0
C3714,2203-010555,145.2398,8.055,90,0.6,0.3,1,0,1,0
C3717,AT05-100451,145.0898,6.674,180,0.6,0.3,1,0,1,0
C3718,2203-010574,145.0898,7.129,180,0.6,0.3,1,0,1,0
C3719,2203-010551,145.0898,6.219,180,0.6,0.3,1,0,1,0
C3720,2203-010555,158.4638,6.691,270,0.6,0.3,1,0,1,0
C3721,2203-010555,157.6388,6.691,270,0.6,0.3,1,0,1,0
C3725,2203-010555,138.2548,8.061,90,0.6,0.3,1,0,1,0
C3728,AT05-100451,137.3798,6.625,180,0.6,0.3,1,0,1,0
C3729,2203-010574,137.3798,7.535,180,0.6,0.3,1,0,1,0
C3730,2203-010551,137.3798,7.08,180,0.6,0.3,1,0,1,0
C3731,2203-010555,158.4638,8.076,270,0.6,0.3,1,0,1,0
C3732,2203-010555,159.2888,8.076,270,0.6,0.3,1,0,1,0
C3736,AT07-101982,139.5548,8.055,90,0.6,0.3,1,0,1,0
C3737,AT05-100451,139.9648,7.135,0,0.6,0.3,1,0,1,0
C3738,2203-010574,139.9648,6.68,0,0.6,0.3,1,0,1,0
C3739,2203-010551,139.9648,6.225,0,0.6,0.3,1,0,1,0
C3741,AT05-100451,142.9698,6.82,180,0.6,0.3,1,0,1,0
C3742,2203-010574,142.9698,7.73,180,0.6,0.3,1,0,1,0
C3743,2203-010551,142.9698,7.275,180,0.6,0.3,1,0,1,0
C3744,AT07-101982,141.537,7.1998,180,0.6,0.3,1,0,1,0
C3745,AT07-101982,141.537,6.3748,180,0.6,0.3,1,0,1,0
C3746,AT07-101982,143.2148,8.328,180,0.6,0.3,1,0,1,0
C3753,2203-010555,155.6138,8.076,90,0.6,0.3,1,0,1,0
C3800,AT07-101982,191.5158,8.114,180,0.6,0.3,1,0,1,0
C3801,AT05-100451,192.8908,8.236,90,0.6,0.3,1,0,1,0
C3802,2203-010574,192.4358,8.236,90,0.6,0.3,1,0,1,0
C3803,AT07-101982,188.5563,6.663,90,0.6,0.3,1,0,1,0
C3804,AT05-100451,189.1463,6.78,90,0.6,0.3,1,0,1,0
C3805,2203-010574,187.9663,6.78,90,0.6,0.3,1,0,1,0
C3806,AT07-102171,199.3408,8.076,270,0.6,0.3,1,0,1,0
C3807,AT07-102171,178.1913,8.385,0,0.6,0.3,1,0,1,0
C3808,AT07-102171,197.9908,8.076,270,0.6,0.3,1,0,1,0
C3809,AT07-102171,175.7363,6.605,90,0.6,0.3,1,0,1,0
C3810,AT07-101982,176.4363,6.605,90,0.6,0.3,1,0,1,0
C3811,AT07-101982,200.9158,6.691,270,0.6,0.3,1,0,1,0
C3812,AT07-102171,198.6658,8.076,270,0.6,0.3,1,0,1,0
C3813,AT07-102171,178.1913,7.66,180,0.6,0.3,1,0,1,0
C3814,2203-010555,187.0713,8.055,90,0.6,0.3,1,0,1,0
C3817,AT05-100451,186.9213,6.674,180,0.6,0.3,1,0,1,0
C3818,2203-010574,186.9213,7.129,180,0.6,0.3,1,0,1,0
C3819,2203-010551,186.9213,6.219,180,0.6,0.3,1,0,1,0
C3820,2203-010555,200.0908,6.691,270,0.6,0.3,1,0,1,0
C3821,2203-010555,199.2658,6.691,270,0.6,0.3,1,0,1,0
C3825,2203-010555,180.0863,8.061,90,0.6,0.3,1,0,1,0
C3828,AT05-100451,179.2113,6.625,180,0.6,0.3,1,0,1,0
C3829,2203-010574,179.4463,7.77,90,0.6,0.3,1,0,1,0
C3830,2203-010551,179.2113,7.08,180,0.6,0.3,1,0,1,0
C3831,2203-010555,200.0908,8.076,270,0.6,0.3,1,0,1,0
C3832,2203-010555,200.9158,8.076,270,0.6,0.3,1,0,1,0
C3836,AT07-101982,181.3863,8.055,90,0.6,0.3,1,0,1,0
C3837,AT05-100451,181.7963,7.135,0,0.6,0.3,1,0,1,0
C3838,2203-010574,181.7963,6.68,0,0.6,0.3,1,0,1,0
C3839,2203-010551,181.7963,6.225,0,0.6,0.3,1,0,1,0
C3841,AT05-100451,184.8013,6.82,180,0.6,0.3,1,0,1,0
C3842,2203-010574,184.8013,7.73,180,0.6,0.3,1,0,1,0
C3843,2203-010551,184.8013,7.275,180,0.6,0.3,1,0,1,0
C3844,AT07-101982,183.3685,7.147,180,0.6,0.3,1,0,1,0
C3845,AT07-101982,183.3685,6.3748,180,0.6,0.3,1,0,1,0
C3846,AT07-102171,185.0463,8.328,180,0.6,0.3,1,0,1,0
C3853,2203-010555,197.2408,8.076,90,0.6,0.3,1,0,1,0
C3900,AT07-101982,233.3598,8.114,180,0.6,0.3,1,0,1,0
C3901,AT05-100451,234.7348,8.236,90,0.6,0.3,1,0,1,0
C3902,2203-010574,234.2798,8.236,90,0.6,0.3,1,0,1,0
C3903,AT07-101982,230.3877,6.663,90,0.6,0.3,1,0,1,0
C3904,AT05-100451,230.9777,6.78,90,0.6,0.3,1,0,1,0
C3905,2203-010574,229.7977,6.78,90,0.6,0.3,1,0,1,0
C3906,AT07-102171,241.5348,8.076,270,0.6,0.3,1,0,1,0
C3907,AT07-102171,219.7727,8.385,0,0.6,0.3,1,0,1,0
C3908,AT07-102171,217.3177,6.605,90,0.6,0.3,1,0,1,0
C3909,AT07-102171,240.1848,8.076,270,0.6,0.3,1,0,1,0
C3910,AT07-101982,218.0177,6.605,90,0.6,0.3,1,0,1,0
C3911,AT07-101982,243.1098,6.691,270,0.6,0.3,1,0,1,0
C3912,AT07-102171,219.7727,7.66,180,0.6,0.3,1,0,1,0
C3913,AT07-102171,240.8598,8.076,270,0.6,0.3,1,0,1,0
C3914,2203-010555,228.9027,8.055,90,0.6,0.3,1,0,1,0
C3917,AT05-100451,228.7527,6.674,180,0.6,0.3,1,0,1,0
C3918,2203-010574,228.7527,7.129,180,0.6,0.3,1,0,1,0
C3919,2203-010551,228.7527,6.219,180,0.6,0.3,1,0,1,0
C3920,2203-010555,241.4598,6.691,270,0.6,0.3,1,0,1,0
C3921,2203-010555,242.2848,6.691,270,0.6,0.3,1,0,1,0
C3925,2203-010555,221.9177,8.061,90,0.6,0.3,1,0,1,0
C3928,AT05-100451,221.0427,6.625,180,0.6,0.3,1,0,1,0
C3929,2203-010574,221.0427,7.535,180,0.6,0.3,1,0,1,0
C3930,2203-010551,221.0427,7.08,180,0.6,0.3,1,0,1,0
C3931,2203-010555,242.2848,8.076,270,0.6,0.3,1,0,1,0
C3932,2203-010555,243.1098,8.076,270,0.6,0.3,1,0,1,0
C3936,AT07-101982,223.2177,8.055,90,0.6,0.3,1,0,1,0
C3937,AT05-100451,223.6277,7.135,0,0.6,0.3,1,0,1,0
C3938,2203-010574,223.6277,6.68,0,0.6,0.3,1,0,1,0
C3939,2203-010551,223.6277,6.225,0,0.6,0.3,1,0,1,0
C3941,AT05-100451,226.6327,6.82,180,0.6,0.3,1,0,1,0
C3942,2203-010574,226.6327,7.73,180,0.6,0.3,1,0,1,0
C3943,2203-010551,226.6327,7.275,180,0.6,0.3,1,0,1,0
C3944,AT07-102171,226.8777,8.328,180,0.6,0.3,1,0,1,0
C3947,2203-010555,239.4348,8.076,90,0.6,0.3,1,0,1,0
C4000,AT07-102203,285.8607,8.05,90,0.6,0.3,1,0,1,0
C4001,AT07-102203,287.3107,6.65,90,0.6,0.3,1,0,1,0
C4002,AT07-102203,288.0357,8.05,90,0.6,0.3,1,0,1,0
C4003,AT07-102203,285.0357,6.65,90,0.6,0.3,1,0,1,0
C4004,AT07-102203,288.7607,6.65,90,0.6,0.3,1,0,1,0
C4005,AT07-102203,287.3107,8.05,90,0.6,0.3,1,0,1,0
C4006,AT07-102203,286.5857,6.65,90,0.6,0.3,1,0,1,0
C4007,2203-010555,267.1707,8.055,90,0.6,0.3,1,0,1,0
C4010,AT05-100451,265.3107,6.68,180,0.6,0.3,1,0,1,0
C4011,2203-010574,265.3107,6.225,180,0.6,0.3,1,0,1,0
C4012,2203-010551,267.9857,6.83,90,0.6,0.3,1,0,1,0
C4013,AT07-101982,276.0257,7.43,90,0.6,0.3,1,0,1,0
C4014,AT07-102171,256.5257,6.65,90,0.6,0.3,1,0,1,0
C4015,AT07-101982,257.9507,6.65,90,0.6,0.3,1,0,1,0
C4016,AT07-102171,274.6507,7.43,90,0.6,0.3,1,0,1,0
C4019,AT05-100451,261.7157,6.68,0,0.6,0.3,1,0,1,0
C4020,2203-010574,260.4257,6.23,180,0.6,0.3,1,0,1,0
C4021,2203-010551,261.7157,7.135,0,0.6,0.3,1,0,1,0
C4022,2203-010555,255.7757,6.65,90,0.6,0.3,1,0,1,0
C4023,AT07-101982,276.7507,7.43,90,0.6,0.3,1,0,1,0
C4024,AT07-101982,257.2257,6.65,90,0.6,0.3,1,0,1,0
C4025,AT07-102171,275.3257,7.43,90,0.6,0.3,1,0,1,0
C4026,2203-010555,259.5507,6.6,90,0.6,0.3,1,0,1,0
C4027,2203-010555,257.6457,7.755,180,0.6,0.3,1,0,1,0
C4028,2203-010555,258.7257,6.6,90,0.6,0.3,1,0,1,0
C4031,AT07-101982,267.3907,6.62,90,0.6,0.3,1,0,1,0
C4032,AT05-100451,266.8007,6.48,90,0.6,0.3,1,0,1,0
C4033,2203-010574,266.3457,6.48,90,0.6,0.3,1,0,1,0
C4034,2203-010555,283.5357,6.63,90,0.6,0.3,1,0,1,0
C4035,2203-010555,277.5257,6.62,90,0.6,0.3,1,0,1,0
C4036,2203-010555,254.6657,6.36,180,0.6,0.3,1,0,1,0
C4039,AT07-101982,271.7107,8.08,90,0.6,0.3,1,0,1,0
C4040,AT05-100451,271.5525,6.675,180,0.6,0.3,1,0,1,0
C4041,2203-010574,271.5525,7.13,180,0.6,0.3,1,0,1,0
C4042,AT07-101982,262.3157,8.055,90,0.6,0.3,1,0,1,0
C4043,AT07-101755,285.2707,7.91,90,0.6,0.3,1,0,1,0
C4044,AT07-101755,289.0807,7.91,90,0.6,0.3,1,0,1,0
C4045,AT07-101755,288.6257,7.91,90,0.6,0.3,1,0,1,0
C4046,AT05-100451,263.0227,6.225,0,0.6,0.3,1,0,1,0
C4047,2203-010574,263.0227,6.68,0,0.6,0.3,1,0,1,0
C4048,2203-010551,263.0227,7.135,0,0.6,0.3,1,0,1,0
C4049,AT07-101755,283.9057,7.91,90,0.6,0.3,1,0,1,0
C4050,AT07-101755,284.3607,7.91,90,0.6,0.3,1,0,1,0
C4051,AT05-100451,264.3357,6.225,0,0.6,0.3,1,0,1,0
C4052,2203-010574,264.3357,7.135,0,0.6,0.3,1,0,1,0
C4053,2203-010551,264.3357,6.68,0,0.6,0.3,1,0,1,0
C4054,2203-010555,285.8107,6.65,90,0.6,0.3,1,0,1,0
C4055,2203-010555,260.5607,8.295,180,0.6,0.3,1,0,1,0
C4056,AT07-102171,263.7407,8.055,90,0.6,0.3,1,0,1,0
C4061,2203-010555,273.2107,8.08,90,0.6,0.3,1,0,1,0
C4072,AT07-101755,284.8157,7.91,90,0.6,0.3,1,0,1,0
C4073,AT07-101755,289.3507,6.51,90,0.6,0.3,1,0,1,0
C4074,AT07-101755,282.881,6.49,90,0.6,0.3,1,0,1,0
D0300,AT07-102392,221.1159,22.4261,180,0.6,0.3,1,0,1,0
D0301,AT07-102392,221.1159,19.9861,180,0.6,0.3,1,0,1,0
D0302,AT07-102392,221.1159,23.6461,180,0.6,0.3,1,0,1,0
D0303,AT07-102392,221.1159,21.2061,180,0.6,0.3,1,0,1,0
D0304,AT07-102392,221.1159,18.7661,180,0.6,0.3,1,0,1,0
D0305,AT07-102392,221.1159,21.8661,180,0.6,0.3,1,0,1,0
D0306,AT07-102392,221.1159,19.4261,180,0.6,0.3,1,0,1,0
D0307,AT07-102392,221.1159,23.0861,180,0.6,0.3,1,0,1,0
D0308,AT07-102392,221.1159,20.6461,180,0.6,0.3,1,0,1,0
D0309,AT07-102392,221.1159,18.2061,180,0.6,0.3,1,0,1,0
D2700,AT07-102293,169.09,27.5395,0,0.6,0.3,1,0,1,0
DZ0300,AT07-102391,243.1463,21.0629,0,0.6,0.3,1,0,1,0
DZ0301,AT07-102391,243.1463,21.5479,0,0.6,0.3,1,0,1,0
DZ0302,AT07-102391,243.1463,20.0929,0,0.6,0.3,1,0,1,0
DZ0303,AT07-102391,243.1463,19.6079,0,0.6,0.3,1,0,1,0
DZ0304,AT07-102391,47.4377,16.237,180,0.6,0.3,1,0,1,0
DZ0305,AT07-102391,221.024,13.8975,270,0.6,0.3,1,0,1,0
DZ0306,AT07-102391,42.5205,24.822,180,0.6,0.3,1,0,1,0
DZ0307,AT07-102391,139.89,27.455,0,0.6,0.3,1,0,1,0
DZ0308,AT07-102391,139.89,26.97,0,0.6,0.3,1,0,1,0
DZ0309,AT07-102391,139.824,28.8302,90,0.6,0.3,1,0,1,0
DZ0320,AT07-102391,250.356,15.1424,90,0.6,0.3,1,0,1,0
DZ0321,AT07-102391,248.751,15.1724,90,0.6,0.3,1,0,1,0
DZ0322,AT07-102391,42.5205,24.337,180,0.6,0.3,1,0,1,0
DZ0323,AT07-102391,226.0725,24.108,0,0.6,0.3,1,0,1,0
DZ0325,AT07-102391,220.7757,15.2687,180,0.6,0.3,1,0,1,0
DZ0326,AT07-102391,235.454,20.578,0,0.6,0.3,1,0,1,0
DZ0327,AT07-102391,227.821,23.9775,270,0.6,0.3,1,0,1,0
DZ0328,AT07-102391,169.1201,29.351,180,0.6,0.3,1,0,1,0
DZ0329,AT07-102391,243.1463,20.5779,0,0.6,0.3,1,0,1,0
DZ0330,AT07-102391,167.1555,29.361,180,0.6,0.3,1,0,1,0
DZ0331,AT07-102391,167.1555,28.361,180,0.6,0.3,1,0,1,0
DZ0332,AT07-102391,167.1555,28.861,180,0.6,0.3,1,0,1,0
DZ0333,AT07-102391,167.1555,29.861,180,0.6,0.3,1,0,1,0
DZ0334,AT07-102391,73.735,27.007,0,0.6,0.3,1,0,1,0
DZ0335,AT07-102391,73.735,26.522,0,0.6,0.3,1,0,1,0
DZ0336,AT07-102391,73.735,29.857,0,0.6,0.3,1,0,1,0
DZ0337,AT07-102391,42.5288,29.157,180,0.6,0.3,1,0,1,0
DZ0338,AT07-102391,42.5288,27.702,180,0.6,0.3,1,0,1,0
DZ0339,AT07-102391,42.5288,28.672,180,0.6,0.3,1,0,1,0
DZ0340,AT07-102391,42.5288,29.642,180,0.6,0.3,1,0,1,0
DZ0341,AT07-102391,73.735,27.492,0,0.6,0.3,1,0,1,0
DZ0342,AT07-102391,41.6635,28.187,180,0.6,0.3,1,0,1,0
DZ0343,AT07-102391,64.5065,31.622,180,0.6,0.3,1,0,1,0
DZ0344,AT07-102391,41.6635,27.702,0,0.6,0.3,1,0,1,0
DZ0345,AT07-102391,169.0305,29.901,180,0.6,0.3,1,0,1,0
DZ0346,AT07-102391,73.735,28.917,0,0.6,0.3,1,0,1,0
DZ0347,AT07-102391,73.735,26.037,0,0.6,0.3,1,0,1,0
DZ0348,AT07-102391,73.735,27.977,0,0.6,0.3,1,0,1,0
DZ0349,AT07-102391,42.5288,28.187,180,0.6,0.3,1,0,1,0
DZ0350,AT07-102391,42.5205,26.732,180,0.6,0.3,1,0,1,0
DZ0351,AT07-102183,96.1198,29.92,0,0.6,0.3,1,0,1,0
DZ0352,AT07-102183,134.101,25.456,180,0.6,0.3,1,0,1,0
DZ0353,AT07-102183,167.839,12.579,180,0.6,0.3,1,0,1,0
DZ0354,AT07-102391,169.0725,28.0495,180,0.6,0.3,1,0,1,0
FL3300,AT07-101703,25.2825,8.055,270,0.6,0.3,1,0,1,0
FL3500,AT07-101703,63.72,8.055,270,0.6,0.3,1,0,1,0
FL3600,AT07-101703,107.317,8.4051,180,0.6,0.3,1,0,1,0
FL3700,AT07-101703,147.4648,8.055,270,0.6,0.3,1,0,1,0
FL3800,AT07-101703,189.2963,8.055,270,0.6,0.3,1,0,1,0
FL3900,AT07-101703,231.1277,8.055,270,0.6,0.3,1,0,1,0
FL4000,AT07-101703,267.9457,8.055,270,0.6,0.3,1,0,1,0
G2100,AT07-102408,45.894,18.466,90,0.6,0.3,1,0,1,0
J0300,AT07-102123,83.8221,24.6816,0,0.6,0.3,1,0,1,0
J0301,AT07-102123,198.2629,24.6816,0,0.6,0.3,1,0,1,0
J0302,AT07-102123,208.3879,24.6816,0,0.6,0.3,1,0,1,0
L0402,3301-002439,222.3564,20.2579,0,0.6,0.3,1,0,1,0
L0403,3301-002439,229.7604,14.1909,90,0.6,0.3,1,0,1,0
L0404,3301-002439,222.3464,18.6579,0,0.6,0.3,1,0,1,0
L0900,AT07-102396,242.4019,16.9839,270,0.6,0.3,1,0,1,0
L0903,AT07-102402,238.9746,25.5003,0,0.6,0.3,1,0,1,0
L1205,AT07-102398,127.508,17.287,180,0.6,0.3,1,0,1,0
L1206,AT07-102398,127.464,28.807,180,0.6,0.3,1,0,1,0
L1207,AT07-102398,111.734,21.037,270,0.6,0.3,1,0,1,0
L1208,AT07-102398,114.669,14.112,180,0.6,0.3,1,0,1,0
L1209,AT07-102398,114.4615,29.732,180,0.6,0.3,1,0,1,0
L1300,AT07-101922,142.068,21.474,180,0.6,0.3,1,0,1,0
L1301,AT07-101922,142.068,16.944,180,0.6,0.3,1,0,1,0
L1302,AT07-101923,150.043,18.794,90,0.6,0.3,1,0,1,0
L1400,AT07-102407,166.4643,15.2454,0,0.6,0.3,1,0,1,0
L1401,AT07-102407,166.4643,22.8054,0,0.6,0.3,1,0,1,0
L1402,AT07-101923,154.953,17.683,90,0.6,0.3,1,0,1,0
L1600,AT07-102395,101.461,27.509,90,0.6,0.3,1,0,1,0
L1700,AT07-101922,98.051,15.96,270,0.6,0.3,1,0,1,0
L2100,AT07-102406,55.341,23.502,90,0.6,0.3,1,0,1,0
L2101,AT07-102405,47.4532,14.562,270,0.6,0.3,1,0,1,0
L2102,AT07-102405,54.181,28.122,180,0.6,0.3,1,0,1,0
L2107,2703-006028,62.391,16.872,0,0.6,0.3,1,0,1,0
Q0608,AT07-102411,234.7843,28.3929,270,0.6,0.3,1,0,1,0
Q1400,AT07-102286,131.5658,17.4478,0,0.6,0.3,1,0,1,0
Q1600,AT07-102413,102.426,16.58,0,0.6,0.3,1,0,1,0
Q1601,AT07-102411,104.201,16.5575,270,0.6,0.3,1,0,1,0
Q1602,AT07-102411,105.781,15.903,0,0.6,0.3,1,0,1,0
Q2100,AT07-102412,73.6497,14.8851,0,0.6,0.3,1,0,1,0
Q2101,AT07-102412,63.8288,11.8128,90,0.6,0.3,1,0,1,0
Q2800,AT07-102410,14.6011,8.02,270,0.6,0.3,1,0,1,0
Q2801,AT07-102410,57.1943,8.054,270,0.6,0.3,1,0,1,0
Q2802,AT07-102410,110.612,7.7918,0,0.6,0.3,1,0,1,0
Q2803,AT07-102410,152.2608,8.109,270,0.6,0.3,1,0,1,0
Q2804,AT07-102410,183.2177,8.147,270,0.6,0.3,1,0,1,0
Q2805,AT07-102410,225.0797,7.864,270,0.6,0.3,1,0,1,0
Q2806,AT07-102410,278.7357,8.02,270,0.6,0.3,1,0,1,0
Q2807,AT07-102410,130.5999,21.5068,270,0.6,0.3,1,0,1,0
R0300,AT07-102385,95.951,27.7,270,0.6,0.3,1,0,1,0
R0302,2007-013148,73.7675,28.447,0,0.6,0.3,1,0,1,0
R0303,2007-013148,73.7675,29.387,0,0.6,0.3,1,0,1,0
R0304,AT07-102351,41.266,31.181,0,0.6,0.3,1,0,1,0
R0305,2007-013141,234.5445,20.578,0,0.6,0.3,1,0,1,0
R0306,2007-013148,73.7675,30.327,0,0.6,0.3,1,0,1,0
R0311,2007-013151,147.155,30.097,180,0.6,0.3,1,0,1,0
R0312,2007-013141,41.631,26.732,0,0.6,0.3,1,0,1,0
R0313,117S00114,152.473,13.284,0,0.6,0.3,1,0,1,0
R0314,2007-013152,225.605,23.638,180,0.6,0.3,1,0,1,0
R0316,AT07-102351,41.266,30.271,0,0.6,0.3,1,0,1,0
R0317,AT07-102351,41.266,30.726,0,0.6,0.3,1,0,1,0
R0318,AT07-102351,41.266,29.816,0,0.6,0.3,1,0,1,0
R0320,2007-013141,233.1634,15.5279,90,0.6,0.3,1,0,1,0
R0426,2007-013148,229.4924,23.8779,270,0.6,0.3,1,0,1,0
R0427,AT07-101673L,234.0779,15.3341,90,0.6,0.3,1,0,1,0
R0430,2007-013148,232.8344,22.9309,90,0.6,0.3,1,0,1,0
R0431,2007-013148,232.2534,15.5279,90,0.6,0.3,1,0,1,0
R0440,2007-013148,234.5445,17.3929,0,0.6,0.3,1,0,1,0
R0442,2007-013148,225.8114,22.9309,90,0.6,0.3,1,0,1,0
R0445,2007-013148,225.3564,22.9309,270,0.6,0.3,1,0,1,0
R0446,2007-013148,223.8314,16.4779,90,0.6,0.3,1,0,1,0
R0448,2007-013148,227.6724,22.9309,90,0.6,0.3,1,0,1,0
R0449,2007-013148,234.5445,19.6679,180,0.6,0.3,1,0,1,0
R0452,2007-013141,223.8314,17.4809,90,0.6,0.3,1,0,1,0
R0465,2007-013157,230.4584,14.1909,90,0.6,0.3,1,0,1,0
R0466,AT07-102389,230.8574,23.8779,90,0.6,0.3,1,0,1,0
R0467,AT07-102384,230.4024,23.8779,270,0.6,0.3,1,0,1,0
R0468,2007-013157,232.2474,23.1609,270,0.6,0.3,1,0,1,0
R0469,2007-013148,233.7444,22.903,90,0.6,0.3,1,0,1,0
R0470,2007-013148,229.0374,22.9309,90,0.6,0.3,1,0,1,0
R0471,AT07-101660,228.7054,24.2219,0,0.6,0.3,1,0,1,0
R0472,AT07-101660,228.7054,23.7669,0,0.6,0.3,1,0,1,0
R0473,2007-013148,231.3264,24.3779,90,0.6,0.3,1,0,1,0
R0474,2007-013148,229.4924,22.9309,90,0.6,0.3,1,0,1,0
R0476,2007-013148,234.5329,15.3341,90,0.6,0.3,1,0,1,0
R0480,2007-013148,232.8344,23.8576,90,0.6,0.3,1,0,1,0
R0482,2007-013148,234.1994,23.8576,270,0.6,0.3,1,0,1,0
R0484,2007-013148,234.5445,21.4889,180,0.6,0.3,1,0,1,0
R0488,2007-013148,234.5445,18.7579,0,0.6,0.3,1,0,1,0
R0489,2007-013148,234.5445,18.3029,180,0.6,0.3,1,0,1,0
R0491,2007-013152,229.5723,29.3037,0,0.6,0.3,1,0,1,0
R0492,2007-013152,229.5723,28.8359,0,0.6,0.3,1,0,1,0
R0493,2007-013152,230.3664,27.2313,0,0.6,0.3,1,0,1,0
R0494,2007-013152,107.8439,16.9646,180,0.6,0.3,1,0,1,0
R0495,2007-013152,230.3664,27.6913,0,0.6,0.3,1,0,1,0
R0504,2007-013152,226.9553,24.1099,180,0.6,0.3,1,0,1,0
R0600,2007-013158,231.6293,31.0569,180,0.6,0.3,1,0,1,0
R0601,2007-013141,234.1343,30.7243,180,0.6,0.3,1,0,1,0
R0602,2007-013141,232.6193,31.0779,180,0.6,0.3,1,0,1,0
R0614,2007-013148,232.083,24.125,180,0.6,0.3,1,0,1,0
R0615,2007-013148,233.9553,28.1549,270,0.6,0.3,1,0,1,0
R0619,2007-013152,230.8523,29.7339,180,0.6,0.3,1,0,1,0
R0625,2007-013148,234.1343,29.8143,0,0.6,0.3,1,0,1,0
R0627,2007-013141,234.1343,30.2693,0,0.6,0.3,1,0,1,0
R0700,2007-013141,151.0945,25.5624,0,0.6,0.3,1,0,1,0
R0701,2007-013141,159.6702,30.6451,270,0.6,0.3,1,0,1,0
R0702,2007-013141,151.0945,24.6524,0,0.6,0.3,1,0,1,0
R0703,2007-013141,159.2102,30.6451,270,0.6,0.3,1,0,1,0
R0704,2007-013141,151.3445,28.0724,270,0.6,0.3,1,0,1,0
R0705,2007-013148,158.0809,24.7097,90,0.6,0.3,1,0,1,0
R0706,2007-013141,154.4409,24.7097,90,0.6,0.3,1,0,1,0
R0707,2007-013141,155.8059,24.7097,90,0.6,0.3,1,0,1,0
R0708,2007-013141,151.0945,25.1074,0,0.6,0.3,1,0,1,0
R0709,2007-013141,151.0945,26.4724,0,0.6,0.3,1,0,1,0
R0710,2007-013141,158.2768,29.9381,270,0.6,0.3,1,0,1,0
R0711,2007-013141,155.5468,29.9381,270,0.6,0.3,1,0,1,0
R0714,2007-013141,154.1818,29.9381,270,0.6,0.3,1,0,1,0
R0715,2007-013141,154.6368,29.9381,270,0.6,0.3,1,0,1,0
R0717,2007-013141,158.7318,29.9381,270,0.6,0.3,1,0,1,0
R0718,2007-013141,157.8218,29.9381,270,0.6,0.3,1,0,1,0
R0719,2007-013141,157.3668,29.9381,270,0.6,0.3,1,0,1,0
R0747,2007-013141,151.0945,26.0174,0,0.6,0.3,1,0,1,0
R0748,2007-013141,156.4568,29.9381,270,0.6,0.3,1,0,1,0
R0750,2007-013141,156.9118,29.9381,270,0.6,0.3,1,0,1,0
R0752,2007-013141,157.1709,24.7097,90,0.6,0.3,1,0,1,0
R0753,2007-013141,160.1302,30.6451,270,0.6,0.3,1,0,1,0
R0754,2007-013141,157.6259,24.7097,90,0.6,0.3,1,0,1,0
R0755,2007-013141,160.5902,30.6451,270,0.6,0.3,1,0,1,0
R0756,2007-013141,156.7159,24.7097,90,0.6,0.3,1,0,1,0
R0757,2007-013141,156.0018,29.9381,270,0.6,0.3,1,0,1,0
R0758,2007-013141,155.3509,24.7097,90,0.6,0.3,1,0,1,0
R0759,2007-013141,156.2609,24.7097,90,0.6,0.3,1,0,1,0
R0760,2007-013158,154.8959,24.7097,90,0.6,0.3,1,0,1,0
R0761,2007-013141,155.0918,29.9381,270,0.6,0.3,1,0,1,0
R0762,2007-013141,150.8445,28.0724,270,0.6,0.3,1,0,1,0
R0763,2007-013141,150.4045,27.1324,90,0.6,0.3,1,0,1,0
R0900,2007-013141,238.2219,18.9739,270,0.6,0.3,1,0,1,0
R0906,AT07-102362,237.5054,18.3239,180,0.6,0.3,1,0,1,0
R0907,118S00375,238.5019,16.4539,180,0.6,0.3,1,0,1,0
R0910,AT07-102173,238.542,15.2939,270,0.6,0.3,1,0,1,0
R0921,2007-013160,238.6237,14.074,270,0.6,0.3,1,0,1,0
R0922,2007-013160,239.4086,20.4393,270,0.6,0.3,1,0,1,0
R1100,2007-013141,121.579,18.732,90,0.6,0.3,1,0,1,0
R1101,2007-013160,120.319,28.357,270,0.6,0.3,1,0,1,0
R1107,2007-013141,112.194,24.087,0,0.6,0.3,1,0,1,0
R1110,2007-013141,128.439,26.262,180,0.6,0.3,1,0,1,0
R1179,2007-013141,124.1677,29.181,180,0.6,0.3,1,0,1,0
R1181,2007-013141,128.439,26.717,0,0.6,0.3,1,0,1,0
R1207,2007-013157,133.835,28.754,90,0.6,0.3,1,0,1,0
R1208,2007-013157,132.86,28.754,90,0.6,0.3,1,0,1,0
R1223,AT07-102351,118.791,31.549,270,0.6,0.3,1,0,1,0
R1224,2007-013157,131.885,28.754,90,0.6,0.3,1,0,1,0
R1225,2007-013157,106.846,29.107,90,0.6,0.3,1,0,1,0
R1226,2007-013157,107.815,29.107,90,0.6,0.3,1,0,1,0
R1227,AT07-102351,127.535,26.687,90,0.6,0.3,1,0,1,0
R1228,2007-013157,109.765,29.107,90,0.6,0.3,1,0,1,0
R1229,2007-013157,108.79,29.107,90,0.6,0.3,1,0,1,0
R1300,AT07-102387,150.043,22.674,270,0.6,0.3,1,0,1,0
R1303,2007-013141,133.306,16.9797,270,0.6,0.3,1,0,1,0
R1304,AT07-102361,135.821,25.6395,0,0.6,0.3,1,0,1,0
R1307,2007-013148,150.738,24.148,0,0.6,0.3,1,0,1,0
R1331,AT07-102377,133.7728,22.409,270,0.6,0.3,1,0,1,0
R1333,2007-013141,134.67,15.679,180,0.6,0.3,1,0,1,0
R1400,2007-013141,174.9273,18.0044,180,0.6,0.3,1,0,1,0
R1402,AT07-102361,169.24,12.821,0,0.6,0.3,1,0,1,0
R1403,AT07-102366,224.7213,26.0829,0,0.6,0.3,1,0,1,0
R1405,2007-013148,175.6173,19.1794,90,0.6,0.3,1,0,1,0
R1407,AT07-102186,171.8543,22.1619,180,0.6,0.3,1,0,1,0
R1413,2007-013141,173.2343,20.4254,270,0.6,0.3,1,0,1,0
R1414,AT07-102386,131.9158,16.1728,270,0.6,0.3,1,0,1,0
R1415,2007-013148,131.466,18.4881,0,0.6,0.3,1,0,1,0
R1416,2007-013148,131.4608,16.157,90,0.6,0.3,1,0,1,0
R1600,2007-013160,101.231,18.234,180,0.6,0.3,1,0,1,0
R1616,AT07-102357,98.299,24.7325,0,0.6,0.3,1,0,1,0
R1617,AT07-102379R,98.299,25.6425,180,0.6,0.3,1,0,1,0
R1618,AT07-102359,98.299,26.11,180,0.6,0.3,1,0,1,0
R1619,AT07-102380,98.9965,22.95,270,0.6,0.3,1,0,1,0
R1621,2007-013141,99.9115,22.955,90,0.6,0.3,1,0,1,0
R1622,AT07-102349,104.226,15.6925,180,0.6,0.3,1,0,1,0
R1623,AT07-102177,105.331,16.9075,180,0.6,0.3,1,0,1,0
R1624,AT07-102373,104.916,15.9575,90,0.6,0.3,1,0,1,0
R1704,AT07-102349,98.351,21.29,0,0.6,0.3,1,0,1,0
R1705,2007-013160,109.176,14.051,270,0.6,0.3,1,0,1,0
R1708,2007-013162,99.261,22.247,0,0.6,0.3,1,0,1,0
R1709,AT07-102375,99.511,21.54,90,0.6,0.3,1,0,1,0
R1710,AT07-102359,95.761,20.8,180,0.6,0.3,1,0,1,0
R1713,2007-013141,97.146,21.53,270,0.6,0.3,1,0,1,0
R1717,2007-013141,95.761,19.885,0,0.6,0.3,1,0,1,0
R1942,AT07-102360,68.199,30.542,180,0.6,0.3,1,0,1,0
R1943,AT07-102349,43.193,31.042,0,0.6,0.3,1,0,1,0
R1944,AT07-102372,57.035,32.562,270,0.6,0.3,1,0,1,0
R1945,AT07-102349,45.968,31.042,0,0.6,0.3,1,0,1,0
R1946,AT07-102349,47.843,31.042,0,0.6,0.3,1,0,1,0
R1947,AT07-102349,45.043,31.042,0,0.6,0.3,1,0,1,0
R1948,AT07-102349,44.118,31.042,0,0.6,0.3,1,0,1,0
R1963,2007-013156,64.474,30.542,0,0.6,0.3,1,0,1,0
R1966,AT07-102373,66.349,31.032,180,0.6,0.3,1,0,1,0
R1967,AT07-102373,66.349,30.542,180,0.6,0.3,1,0,1,0
R1968,AT07-102373,70.049,30.542,0,0.6,0.3,1,0,1,0
R1969,AT07-102373,69.124,30.542,0,0.6,0.3,1,0,1,0
R1970,AT07-102373,63.461,30.542,180,0.6,0.3,1,0,1,0
R1971,AT07-102373,62.536,30.542,180,0.6,0.3,1,0,1,0
R1972,AT07-102373,61.704,29.367,270,0.6,0.3,1,0,1,0
R1973,AT07-102373,61.704,27.517,270,0.6,0.3,1,0,1,0
R1974,AT07-102373,61.704,30.292,90,0.6,0.3,1,0,1,0
R1975,AT07-102373,61.704,28.442,90,0.6,0.3,1,0,1,0
R1976,AT07-102373,65.649,30.792,90,0.6,0.3,1,0,1,0
R1977,AT07-102373,61.704,21.042,90,0.6,0.3,1,0,1,0
R1978,AT07-101658,64.474,31.032,0,0.6,0.3,1,0,1,0
R2016,AT07-102373,43.198,28.442,90,0.6,0.3,1,0,1,0
R2017,AT07-102373,43.198,30.292,90,0.6,0.3,1,0,1,0
R2018,AT07-102373,43.198,27.517,270,0.6,0.3,1,0,1,0
R2019,AT07-102373,43.198,29.367,270,0.6,0.3,1,0,1,0
R2020,AT07-102373,44.03,30.542,180,0.6,0.3,1,0,1,0
R2021,AT07-102373,44.955,30.542,180,0.6,0.3,1,0,1,0
R2022,AT07-102373,50.618,30.542,0,0.6,0.3,1,0,1,0
R2023,AT07-102373,51.543,30.542,0,0.6,0.3,1,0,1,0
R2024,2007-013156,45.968,30.542,0,0.6,0.3,1,0,1,0
R2036,AT07-102360,49.693,30.542,180,0.6,0.3,1,0,1,0
R2037,2007-013156,47.843,30.542,0,0.6,0.3,1,0,1,0
R2100,2007-013156,45.894,16.566,0,0.6,0.3,1,0,1,0
R2101,AT07-102363,53.221,29.1827,0,0.6,0.3,1,0,1,0
R2102,AT07-102363,52.511,31.2061,180,0.6,0.3,1,0,1,0
R2103,AT07-102357,53.5,32.162,270,0.6,0.3,1,0,1,0
R2104,2007-013148,61.0329,13.8002,180,0.6,0.3,1,0,1,0
R2105,2007-013156,145.295,29.398,180,0.6,0.3,1,0,1,0
R2106,AT07-102373,49.2452,16.237,0,0.6,0.3,1,0,1,0
R2107,AT07-102348,71.7262,15.0651,0,0.6,0.3,1,0,1,0
R2108,AT07-102368,72.7262,15.0651,0,0.6,0.3,1,0,1,0
R2109,AT07-102383,72.7262,14.5351,0,0.6,0.3,1,0,1,0
R2110,AT07-102378,62.9199,13.0142,180,0.6,0.3,1,0,1,0
R2111,AT07-102352,60.745,11.708,180,0.6,0.3,1,0,1,0
R2112,AT07-102371,62.9199,12.1042,0,0.6,0.3,1,0,1,0
R2118,AT07-102382,62.1846,12.7669,270,0.6,0.3,1,0,1,0
R2122,2007-013158,64.4788,11.7928,90,0.6,0.3,1,0,1,0
R2125,2007-013158,73.7247,14.0101,0,0.6,0.3,1,0,1,0
R2131,2007-013156,48.3202,16.237,180,0.6,0.3,1,0,1,0
R2133,AT07-102373,72.911,15.787,270,0.6,0.3,1,0,1,0
R2138,AT07-102356,145.435,30.448,0,0.6,0.3,1,0,1,0
R2140,2007-013156,54.19,32.0227,180,0.6,0.3,1,0,1,0
R2142,2007-013156,42.994,17.011,90,0.6,0.3,1,0,1,0
R2146,AT07-102357,53.045,32.162,270,0.6,0.3,1,0,1,0
R2712,2007-013141,280.5557,6.97,270,0.6,0.3,1,0,1,0
R2713,2007-013141,280.1007,6.97,270,0.6,0.3,1,0,1,0
R2714,2007-013141,11.1705,7.27,90,0.6,0.3,1,0,1,0
R2715,2007-013141,11.6255,7.27,90,0.6,0.3,1,0,1,0
R2716,2007-013141,12.0805,7.27,90,0.6,0.3,1,0,1,0
R2717,2007-013141,281.4657,6.97,270,0.6,0.3,1,0,1,0
R2802,2007-013141,15.2705,7.92,90,0.6,0.3,1,0,1,0
R2803,2007-013141,56.5293,7.954,90,0.6,0.3,1,0,1,0
R2804,2007-013141,110.712,8.4568,180,0.6,0.3,1,0,1,0
R2805,2007-013141,110.712,7.1268,180,0.6,0.3,1,0,1,0
R2806,2007-013141,152.9258,8.002,90,0.6,0.3,1,0,1,0
R2807,2007-013141,151.5958,8.002,90,0.6,0.3,1,0,1,0
R2808,2007-013141,183.8827,8.047,90,0.6,0.3,1,0,1,0
R2809,2007-013141,182.5527,8.047,90,0.6,0.3,1,0,1,0
R2810,2007-013141,225.7447,7.764,90,0.6,0.3,1,0,1,0
R2811,2007-013141,224.4147,7.764,90,0.6,0.3,1,0,1,0
R2812,AT07-102350,222.467,12.702,90,0.6,0.3,1,0,1,0
R2813,AT07-102350,223.377,12.702,90,0.6,0.3,1,0,1,0
R2814,AT07-102350,224.287,12.702,90,0.6,0.3,1,0,1,0
R2815,AT07-102350,225.197,12.702,90,0.6,0.3,1,0,1,0
R2816,AT07-102350,223.377,11.777,90,0.6,0.3,1,0,1,0
R2817,AT07-102350,222.467,11.777,90,0.6,0.3,1,0,1,0
R2818,2007-013141,279.4007,7.92,90,0.6,0.3,1,0,1,0
R2820,2007-013141,278.0707,7.92,90,0.6,0.3,1,0,1,0
R2821,2007-013141,130.5519,18.8368,270,0.6,0.3,1,0,1,0
R2822,2007-013141,130.0969,18.8368,270,0.6,0.3,1,0,1,0
R2823,AT07-102350,224.287,11.777,90,0.6,0.3,1,0,1,0
R2824,AT07-102350,225.197,11.777,90,0.6,0.3,1,0,1,0
R2825,2007-013141,13.9055,7.92,90,0.6,0.3,1,0,1,0
R2826,2007-013141,57.8593,7.954,90,0.6,0.3,1,0,1,0
R2900,2007-013141,245.9638,20.4009,270,0.6,0.3,1,0,1,0
R2901,AT07-102351,244.8738,18.8159,0,0.6,0.3,1,0,1,0
R2902,AT07-102351,244.8738,17.4509,0,0.6,0.3,1,0,1,0
R2903,AT07-102351,244.8738,16.4909,0,0.6,0.3,1,0,1,0
R2904,AT07-102351,244.8738,16.0359,0,0.6,0.3,1,0,1,0
R2909,2007-013152,244.8738,18.3609,180,0.6,0.3,1,0,1,0
R2910,2007-013152,244.8738,17.9059,180,0.6,0.3,1,0,1,0
R2911,2007-013152,244.8738,16.9459,0,0.6,0.3,1,0,1,0
R2912,2007-013152,248.2988,16.5159,0,0.6,0.3,1,0,1,0
R2913,2007-013152,248.2988,16.9709,180,0.6,0.3,1,0,1,0
R2914,2007-013152,248.2988,17.4259,0,0.6,0.3,1,0,1,0
R2915,2007-013152,248.2988,17.8809,0,0.6,0.3,1,0,1,0
R2916,2007-013148,247.8938,21.4459,180,0.6,0.3,1,0,1,0
R2917,2007-013148,246.6238,30.9059,180,0.6,0.3,1,0,1,0
R3002,2007-013158,139.304,29.978,270,0.6,0.3,1,0,1,0
R3003,2007-013158,137.8376,30.6527,180,0.6,0.3,1,0,1,0
R3004,2007-013158,138.0876,26.8127,270,0.6,0.3,1,0,1,0
R3301,2007-013147,23.0275,8.08,270,0.6,0.3,1,0,1,0
R3303,2007-013141,28.1525,7.37,90,0.6,0.3,1,0,1,0
R3304,2007-013141,28.1525,8.295,90,0.6,0.3,1,0,1,0
R3306,2007-013147,32.2975,8.04,270,0.6,0.3,1,0,1,0
R3307,2007-013147,28.7625,8.055,270,0.6,0.3,1,0,1,0
R3503,2007-013141,60.554,7.9,90,0.6,0.3,1,0,1,0
R3504,2007-013141,60.554,6.975,90,0.6,0.3,1,0,1,0
R3505,2007-013147,68.029,6.691,270,0.6,0.3,1,0,1,0
R3506,2007-013147,65.754,7.051,270,0.6,0.3,1,0,1,0
R3507,2007-013147,69.319,8.076,270,0.6,0.3,1,0,1,0
R3603,2007-013141,103.1429,7.275,90,0.6,0.3,1,0,1,0
R3604,2007-013141,103.1429,8.2,90,0.6,0.3,1,0,1,0
R3605,2007-013147,112.5389,8.055,270,0.6,0.3,1,0,1,0
R3606,2007-013147,109.6189,8.055,270,0.6,0.3,1,0,1,0
R3607,2007-013147,113.9889,8.055,270,0.6,0.3,1,0,1,0
R3703,2007-013141,144.2988,7.075,90,0.6,0.3,1,0,1,0
R3704,2007-013141,144.2988,8,90,0.6,0.3,1,0,1,0
R3705,2007-013147,154.8638,8.076,270,0.6,0.3,1,0,1,0
R3706,2007-013147,153.5738,6.691,270,0.6,0.3,1,0,1,0
R3707,2007-013147,149.4288,7.051,270,0.6,0.3,1,0,1,0
R3803,2007-013141,186.1303,7.075,90,0.6,0.3,1,0,1,0
R3804,2007-013141,186.1303,8,90,0.6,0.3,1,0,1,0
R3805,2007-013147,196.4908,8.076,270,0.6,0.3,1,0,1,0
R3806,2007-013147,191.2558,7.051,270,0.6,0.3,1,0,1,0
R3903,2007-013141,227.9617,7.075,90,0.6,0.3,1,0,1,0
R3807,2007-013147,195.2008,6.691,270,0.6,0.3,1,0,1,0
R3904,2007-013141,227.9617,8,90,0.6,0.3,1,0,1,0
R3905,2007-013147,238.6848,8.076,270,0.6,0.3,1,0,1,0
R3906,2007-013147,237.3948,6.691,270,0.6,0.3,1,0,1,0
R3907,2007-013147,233.0998,7.051,270,0.6,0.3,1,0,1,0
R4003,2007-013141,265.0257,7.37,90,0.6,0.3,1,0,1,0
R4004,2007-013141,265.0257,8.295,90,0.6,0.3,1,0,1,0
R4005,2007-013147,272.4607,8.08,270,0.6,0.3,1,0,1,0
R4006,2007-013147,271.0107,8.08,270,0.6,0.3,1,0,1,0
R4007,2007-013147,269.6107,8.08,270,0.6,0.3,1,0,1,0
U0400,AT07-102422,229.0524,19.2309,270,0.6,0.3,1,0,1,0
U0500,AT07-102172,226.926,26.405,90,0.6,0.3,1,0,1,0
U0601,AT07-102418,232.5223,29.1593,270,0.6,0.3,1,0,1,0
U0701,AT07-102174,156.2949,27.1897,180,0.6,0.3,1,0,1,0
U0901,AT07-102176,238.8619,17.5939,270,0.6,0.3,1,0,1,0
U0902,AT07-102423,237.1826,21.1143,0,0.6,0.3,1,0,1,0
U1100,AT07-102180,120.479,23.047,0,0.6,0.3,1,0,1,0
U1302,AT07-102415,137.607,19.234,180,0.6,0.3,1,0,1,0
U1402,AT01-000025,170.9643,19.0254,0,0.6,0.3,1,0,1,0
U1601,AT07-102199,99.6201,24.2897,90,0.6,0.3,1,0,1,0
U1700,AT07-102198,98.051,19.75,0,0.6,0.3,1,0,1,0
U1910,AT07-102181,66.324,25.487,0,0.6,0.3,1,0,1,0
U1911,AT07-102130,41.601,22.373,270,0.6,0.3,1,0,1,0
U2003,AT07-102181,47.818,25.487,0,0.6,0.3,1,0,1,0
U2100,359S00017,47.972,17.827,0,0.6,0.3,1,0,1,0
U2103,AT07-102232,48.7452,15.2252,180,0.6,0.3,1,0,1,0
U2106,AT07-102197,62.2949,14.0652,180,0.6,0.3,1,0,1,0
U2109,AT07-102190,71.569,16.412,0,0.6,0.3,1,0,1,0
U2110,AT07-102189,54.19,30.4477,180,0.6,0.3,1,0,1,0
U2702,AT07-102188,249.365,14.1864,0,0.6,0.3,1,0,1,0
U2800,AT07-102126,223.677,14.462,90,0.6,0.3,1,0,1,0
U2900,AT07-102124,246.5988,17.2009,270,0.6,0.3,1,0,1,0
U2901,AT07-102420,247.4688,20.4009,270,0.6,0.3,1,0,1,0
U2903,AT07-102128,247.0088,26.1909,270,0.6,0.3,1,0,1,0
U3000,AT07-102182S,137.3751,28.8502,0,0.6,0.3,1,0,1,0
U3102,AT07-102421,221.964,14.115,180,0.6,0.3,1,0,1,0
VR2102,AT07-102434,43.905,17.266,180,0.6,0.3,1,0,1,0
Y0401,2801-005588,222.2664,16.6809,180,0.6,0.3,1,0,1,0
